/*--------------------------------*- C++ -*----------------------------------*\
| =========                 |                                                 |
| \\      /  F ield         | foam-extend: Open Source CFD                    |
|  \\    /   O peration     | Version:     4.0                                |
|   \\  /    A nd           | Web:         http://www.foam-extend.org         |
|    \\/     M anipulation  |                                                 |
\*---------------------------------------------------------------------------*/
FoamFile
{
    version     2.0;
    format      ascii;
    class       volScalarField;
    location    "114";
    object      gradTy;
}
// * * * * * * * * * * * * * * * * * * * * * * * * * * * * * * * * * * * * * //

dimensions      [0 -1 0 1 0 0 0];

internalField   nonuniform List<scalar> 
8000
(
-432.899
-432.857
-432.892
-432.907
-432.915
-432.921
-432.924
-432.927
-432.93
-432.932
-432.934
-432.936
-432.937
-432.939
-432.94
-432.941
-432.943
-432.944
-432.945
-432.946
-432.947
-432.947
-432.948
-432.949
-432.949
-432.95
-432.951
-432.951
-432.952
-432.952
-432.953
-432.953
-432.953
-432.954
-432.954
-432.955
-432.955
-432.955
-432.955
-432.956
-432.956
-432.956
-432.956
-432.956
-432.957
-432.957
-432.957
-432.957
-432.957
-432.957
-432.957
-432.957
-432.958
-432.958
-432.958
-432.958
-432.958
-432.958
-432.958
-432.958
-432.958
-432.958
-432.958
-432.958
-432.958
-432.958
-432.958
-432.958
-432.958
-432.958
-432.958
-432.958
-432.958
-432.958
-432.958
-432.958
-432.958
-432.958
-432.958
-432.958
-432.958
-432.958
-432.958
-432.958
-432.958
-432.958
-432.958
-432.958
-432.958
-432.958
-432.958
-432.958
-432.958
-432.958
-432.958
-432.958
-432.958
-432.958
-432.958
-432.958
-432.958
-432.958
-432.958
-432.958
-432.958
-432.958
-432.958
-432.958
-432.958
-432.958
-432.958
-432.958
-432.958
-432.958
-432.958
-432.958
-432.958
-432.958
-432.958
-432.958
-432.958
-432.958
-432.958
-432.958
-432.958
-432.958
-432.958
-432.958
-432.958
-432.958
-432.958
-432.958
-432.958
-432.958
-432.958
-432.958
-432.958
-432.958
-432.958
-432.958
-432.958
-432.958
-432.958
-432.958
-432.958
-432.958
-432.958
-432.958
-432.958
-432.958
-432.958
-432.958
-432.958
-432.958
-432.958
-432.958
-432.958
-432.958
-432.958
-432.958
-432.958
-432.958
-432.958
-432.958
-432.958
-432.958
-432.958
-432.958
-432.958
-432.958
-432.958
-432.958
-432.958
-432.958
-432.958
-432.958
-432.958
-432.958
-432.958
-432.958
-432.958
-432.958
-432.958
-432.958
-432.958
-432.958
-432.958
-432.958
-432.958
-432.958
-432.958
-432.958
-432.958
-432.958
-432.958
-432.958
-432.958
-432.958
-432.958
-432.958
-432.958
-432.958
-432.958
-432.958
-432.958
-432.958
-432.958
-432.958
-432.958
-432.958
-432.958
-432.958
-432.958
-432.958
-432.958
-432.958
-432.958
-432.958
-432.958
-432.958
-432.958
-432.958
-432.958
-432.958
-432.958
-432.958
-432.958
-432.958
-432.958
-432.958
-432.958
-432.958
-432.958
-432.958
-432.958
-432.958
-432.958
-432.958
-432.958
-432.958
-432.958
-432.958
-432.958
-432.958
-432.958
-432.958
-432.958
-432.958
-432.958
-432.958
-432.958
-432.958
-432.958
-432.958
-432.958
-432.958
-432.958
-432.958
-432.958
-432.958
-432.958
-432.958
-432.958
-432.958
-432.958
-432.958
-432.958
-432.958
-432.958
-432.958
-432.958
-432.958
-432.958
-432.958
-432.958
-432.958
-432.958
-432.958
-432.958
-432.958
-432.958
-432.958
-432.958
-432.958
-432.958
-432.958
-432.958
-432.958
-432.958
-432.958
-432.958
-432.958
-432.958
-432.958
-432.958
-432.958
-432.958
-432.958
-432.958
-432.958
-432.958
-432.958
-432.958
-432.958
-432.958
-432.958
-432.958
-432.958
-432.958
-432.958
-432.958
-432.958
-432.958
-432.958
-432.958
-432.958
-432.958
-432.958
-432.958
-432.958
-432.958
-432.958
-432.958
-432.958
-432.958
-432.958
-432.958
-432.958
-432.958
-432.958
-432.958
-432.958
-432.958
-432.958
-432.958
-432.958
-432.958
-432.958
-432.958
-432.958
-432.958
-432.958
-432.958
-432.958
-432.958
-432.957
-432.957
-432.957
-432.957
-432.957
-432.957
-432.957
-432.956
-432.956
-432.956
-432.956
-432.956
-432.955
-432.955
-432.955
-432.954
-432.954
-432.954
-432.953
-432.953
-432.953
-432.952
-432.952
-432.951
-432.951
-432.95
-432.95
-432.949
-432.948
-432.948
-432.947
-432.946
-432.946
-432.945
-432.944
-432.943
-432.943
-432.942
-432.941
-432.941
-432.94
-432.94
-432.94
-432.94
-432.941
-432.943
-432.946
-432.95
-432.958
-432.971
-432.995
-433.036
-433.102
-433.151
-432.934
-1296.95
-1296.94
-1297
-1297.04
-1297.06
-1297.07
-1297.08
-1297.09
-1297.1
-1297.1
-1297.11
-1297.11
-1297.12
-1297.12
-1297.13
-1297.13
-1297.14
-1297.14
-1297.14
-1297.14
-1297.15
-1297.15
-1297.15
-1297.15
-1297.16
-1297.16
-1297.16
-1297.16
-1297.16
-1297.16
-1297.17
-1297.17
-1297.17
-1297.17
-1297.17
-1297.17
-1297.17
-1297.17
-1297.17
-1297.17
-1297.18
-1297.18
-1297.18
-1297.18
-1297.18
-1297.18
-1297.18
-1297.18
-1297.18
-1297.18
-1297.18
-1297.18
-1297.18
-1297.18
-1297.18
-1297.18
-1297.18
-1297.18
-1297.18
-1297.18
-1297.18
-1297.18
-1297.18
-1297.18
-1297.18
-1297.18
-1297.18
-1297.18
-1297.18
-1297.18
-1297.18
-1297.18
-1297.18
-1297.18
-1297.18
-1297.18
-1297.18
-1297.18
-1297.18
-1297.18
-1297.18
-1297.18
-1297.18
-1297.18
-1297.18
-1297.18
-1297.18
-1297.18
-1297.18
-1297.18
-1297.18
-1297.18
-1297.18
-1297.18
-1297.18
-1297.18
-1297.18
-1297.18
-1297.18
-1297.18
-1297.18
-1297.18
-1297.18
-1297.18
-1297.18
-1297.18
-1297.18
-1297.18
-1297.18
-1297.18
-1297.18
-1297.18
-1297.18
-1297.18
-1297.18
-1297.18
-1297.18
-1297.18
-1297.18
-1297.18
-1297.18
-1297.18
-1297.18
-1297.18
-1297.18
-1297.18
-1297.18
-1297.18
-1297.18
-1297.18
-1297.18
-1297.18
-1297.18
-1297.18
-1297.18
-1297.18
-1297.18
-1297.18
-1297.18
-1297.18
-1297.18
-1297.18
-1297.18
-1297.18
-1297.18
-1297.18
-1297.18
-1297.18
-1297.18
-1297.18
-1297.18
-1297.18
-1297.18
-1297.18
-1297.18
-1297.18
-1297.18
-1297.18
-1297.18
-1297.18
-1297.18
-1297.18
-1297.18
-1297.18
-1297.18
-1297.18
-1297.18
-1297.18
-1297.18
-1297.18
-1297.18
-1297.18
-1297.18
-1297.18
-1297.18
-1297.18
-1297.18
-1297.18
-1297.18
-1297.18
-1297.18
-1297.18
-1297.18
-1297.18
-1297.18
-1297.18
-1297.18
-1297.18
-1297.18
-1297.18
-1297.18
-1297.18
-1297.18
-1297.18
-1297.18
-1297.18
-1297.18
-1297.18
-1297.18
-1297.18
-1297.18
-1297.18
-1297.18
-1297.18
-1297.18
-1297.18
-1297.18
-1297.18
-1297.18
-1297.18
-1297.18
-1297.18
-1297.18
-1297.18
-1297.18
-1297.18
-1297.18
-1297.18
-1297.18
-1297.18
-1297.18
-1297.18
-1297.18
-1297.18
-1297.18
-1297.18
-1297.18
-1297.18
-1297.18
-1297.18
-1297.18
-1297.18
-1297.18
-1297.18
-1297.18
-1297.18
-1297.18
-1297.18
-1297.18
-1297.18
-1297.18
-1297.18
-1297.18
-1297.18
-1297.18
-1297.18
-1297.18
-1297.18
-1297.18
-1297.18
-1297.18
-1297.18
-1297.18
-1297.18
-1297.18
-1297.18
-1297.18
-1297.18
-1297.18
-1297.18
-1297.18
-1297.18
-1297.18
-1297.18
-1297.18
-1297.18
-1297.18
-1297.18
-1297.18
-1297.18
-1297.18
-1297.18
-1297.18
-1297.18
-1297.18
-1297.18
-1297.18
-1297.18
-1297.18
-1297.18
-1297.18
-1297.18
-1297.18
-1297.18
-1297.18
-1297.18
-1297.18
-1297.18
-1297.18
-1297.18
-1297.18
-1297.18
-1297.18
-1297.18
-1297.18
-1297.18
-1297.18
-1297.18
-1297.18
-1297.18
-1297.18
-1297.18
-1297.18
-1297.18
-1297.18
-1297.18
-1297.18
-1297.18
-1297.18
-1297.18
-1297.18
-1297.18
-1297.18
-1297.18
-1297.18
-1297.18
-1297.18
-1297.18
-1297.18
-1297.18
-1297.18
-1297.18
-1297.18
-1297.18
-1297.18
-1297.18
-1297.18
-1297.18
-1297.18
-1297.18
-1297.18
-1297.18
-1297.18
-1297.18
-1297.18
-1297.18
-1297.18
-1297.18
-1297.18
-1297.18
-1297.18
-1297.18
-1297.18
-1297.18
-1297.18
-1297.18
-1297.18
-1297.18
-1297.18
-1297.18
-1297.18
-1297.18
-1297.18
-1297.18
-1297.18
-1297.17
-1297.17
-1297.17
-1297.17
-1297.17
-1297.17
-1297.17
-1297.17
-1297.17
-1297.17
-1297.17
-1297.16
-1297.16
-1297.16
-1297.16
-1297.16
-1297.16
-1297.15
-1297.15
-1297.15
-1297.15
-1297.15
-1297.14
-1297.14
-1297.14
-1297.14
-1297.14
-1297.13
-1297.13
-1297.13
-1297.13
-1297.13
-1297.13
-1297.13
-1297.13
-1297.14
-1297.14
-1297.16
-1297.18
-1297.21
-1297.27
-1297.38
-1297.57
-1297.84
-1297.67
-2158.27
-2158.31
-2158.36
-2158.4
-2158.42
-2158.44
-2158.46
-2158.47
-2158.49
-2158.5
-2158.51
-2158.51
-2158.52
-2158.53
-2158.54
-2158.54
-2158.55
-2158.55
-2158.56
-2158.56
-2158.57
-2158.57
-2158.58
-2158.58
-2158.58
-2158.59
-2158.59
-2158.59
-2158.59
-2158.6
-2158.6
-2158.6
-2158.6
-2158.6
-2158.61
-2158.61
-2158.61
-2158.61
-2158.61
-2158.61
-2158.61
-2158.61
-2158.62
-2158.62
-2158.62
-2158.62
-2158.62
-2158.62
-2158.62
-2158.62
-2158.62
-2158.62
-2158.62
-2158.62
-2158.62
-2158.62
-2158.62
-2158.62
-2158.62
-2158.62
-2158.62
-2158.63
-2158.63
-2158.63
-2158.63
-2158.63
-2158.63
-2158.63
-2158.63
-2158.63
-2158.63
-2158.63
-2158.63
-2158.63
-2158.63
-2158.63
-2158.63
-2158.63
-2158.63
-2158.63
-2158.63
-2158.63
-2158.63
-2158.63
-2158.63
-2158.63
-2158.63
-2158.63
-2158.63
-2158.63
-2158.63
-2158.63
-2158.63
-2158.63
-2158.63
-2158.63
-2158.63
-2158.63
-2158.63
-2158.63
-2158.63
-2158.63
-2158.63
-2158.63
-2158.63
-2158.63
-2158.63
-2158.63
-2158.63
-2158.63
-2158.63
-2158.63
-2158.63
-2158.63
-2158.63
-2158.63
-2158.63
-2158.63
-2158.63
-2158.63
-2158.63
-2158.63
-2158.63
-2158.63
-2158.63
-2158.63
-2158.63
-2158.63
-2158.63
-2158.63
-2158.63
-2158.63
-2158.63
-2158.63
-2158.63
-2158.63
-2158.63
-2158.63
-2158.63
-2158.63
-2158.63
-2158.63
-2158.63
-2158.63
-2158.63
-2158.63
-2158.63
-2158.63
-2158.63
-2158.63
-2158.63
-2158.63
-2158.63
-2158.63
-2158.63
-2158.63
-2158.63
-2158.63
-2158.63
-2158.63
-2158.63
-2158.63
-2158.63
-2158.63
-2158.63
-2158.63
-2158.63
-2158.63
-2158.63
-2158.63
-2158.63
-2158.63
-2158.63
-2158.63
-2158.63
-2158.63
-2158.63
-2158.63
-2158.63
-2158.63
-2158.63
-2158.63
-2158.63
-2158.63
-2158.63
-2158.63
-2158.63
-2158.63
-2158.63
-2158.63
-2158.63
-2158.63
-2158.63
-2158.63
-2158.63
-2158.63
-2158.63
-2158.63
-2158.63
-2158.63
-2158.63
-2158.63
-2158.63
-2158.63
-2158.63
-2158.63
-2158.63
-2158.63
-2158.63
-2158.63
-2158.63
-2158.63
-2158.63
-2158.63
-2158.63
-2158.63
-2158.63
-2158.63
-2158.63
-2158.63
-2158.63
-2158.63
-2158.63
-2158.63
-2158.63
-2158.63
-2158.63
-2158.63
-2158.63
-2158.63
-2158.63
-2158.63
-2158.63
-2158.63
-2158.63
-2158.63
-2158.63
-2158.63
-2158.63
-2158.63
-2158.63
-2158.63
-2158.63
-2158.63
-2158.63
-2158.63
-2158.63
-2158.63
-2158.63
-2158.63
-2158.63
-2158.63
-2158.63
-2158.63
-2158.63
-2158.63
-2158.63
-2158.63
-2158.63
-2158.63
-2158.63
-2158.63
-2158.63
-2158.63
-2158.63
-2158.63
-2158.63
-2158.63
-2158.63
-2158.63
-2158.63
-2158.63
-2158.63
-2158.63
-2158.63
-2158.63
-2158.63
-2158.63
-2158.63
-2158.63
-2158.63
-2158.63
-2158.63
-2158.63
-2158.63
-2158.63
-2158.63
-2158.63
-2158.63
-2158.63
-2158.63
-2158.63
-2158.63
-2158.63
-2158.63
-2158.63
-2158.63
-2158.63
-2158.63
-2158.63
-2158.63
-2158.63
-2158.63
-2158.63
-2158.63
-2158.63
-2158.63
-2158.63
-2158.63
-2158.63
-2158.63
-2158.63
-2158.63
-2158.63
-2158.63
-2158.63
-2158.63
-2158.63
-2158.63
-2158.63
-2158.63
-2158.63
-2158.63
-2158.63
-2158.63
-2158.63
-2158.63
-2158.63
-2158.63
-2158.63
-2158.63
-2158.63
-2158.63
-2158.63
-2158.63
-2158.63
-2158.62
-2158.62
-2158.62
-2158.62
-2158.62
-2158.62
-2158.62
-2158.62
-2158.62
-2158.62
-2158.62
-2158.62
-2158.62
-2158.62
-2158.62
-2158.62
-2158.62
-2158.62
-2158.61
-2158.61
-2158.61
-2158.61
-2158.61
-2158.61
-2158.61
-2158.61
-2158.6
-2158.6
-2158.6
-2158.6
-2158.6
-2158.59
-2158.59
-2158.59
-2158.59
-2158.58
-2158.58
-2158.58
-2158.57
-2158.57
-2158.57
-2158.56
-2158.56
-2158.56
-2158.55
-2158.55
-2158.54
-2158.54
-2158.54
-2158.54
-2158.53
-2158.53
-2158.53
-2158.54
-2158.54
-2158.55
-2158.57
-2158.6
-2158.64
-2158.72
-2158.84
-2159.04
-2159.36
-2159.46
-3015.78
-3015.8
-3015.84
-3015.87
-3015.9
-3015.92
-3015.94
-3015.96
-3015.98
-3015.99
-3016
-3016.01
-3016.03
-3016.04
-3016.04
-3016.05
-3016.06
-3016.07
-3016.08
-3016.08
-3016.09
-3016.09
-3016.1
-3016.1
-3016.11
-3016.11
-3016.12
-3016.12
-3016.12
-3016.13
-3016.13
-3016.13
-3016.14
-3016.14
-3016.14
-3016.14
-3016.15
-3016.15
-3016.15
-3016.15
-3016.15
-3016.15
-3016.16
-3016.16
-3016.16
-3016.16
-3016.16
-3016.16
-3016.16
-3016.16
-3016.16
-3016.16
-3016.17
-3016.17
-3016.17
-3016.17
-3016.17
-3016.17
-3016.17
-3016.17
-3016.17
-3016.17
-3016.17
-3016.17
-3016.17
-3016.17
-3016.17
-3016.17
-3016.17
-3016.17
-3016.17
-3016.17
-3016.17
-3016.17
-3016.17
-3016.17
-3016.17
-3016.17
-3016.17
-3016.17
-3016.17
-3016.17
-3016.17
-3016.17
-3016.17
-3016.17
-3016.17
-3016.17
-3016.17
-3016.17
-3016.17
-3016.17
-3016.17
-3016.17
-3016.17
-3016.17
-3016.17
-3016.17
-3016.17
-3016.17
-3016.17
-3016.17
-3016.17
-3016.17
-3016.17
-3016.17
-3016.17
-3016.17
-3016.17
-3016.17
-3016.17
-3016.17
-3016.17
-3016.17
-3016.17
-3016.17
-3016.17
-3016.17
-3016.17
-3016.17
-3016.17
-3016.17
-3016.17
-3016.17
-3016.17
-3016.17
-3016.17
-3016.17
-3016.17
-3016.17
-3016.17
-3016.17
-3016.17
-3016.17
-3016.17
-3016.17
-3016.17
-3016.17
-3016.17
-3016.17
-3016.17
-3016.17
-3016.17
-3016.17
-3016.17
-3016.17
-3016.17
-3016.17
-3016.17
-3016.17
-3016.17
-3016.17
-3016.17
-3016.17
-3016.17
-3016.17
-3016.17
-3016.17
-3016.17
-3016.17
-3016.17
-3016.17
-3016.17
-3016.17
-3016.17
-3016.17
-3016.17
-3016.17
-3016.17
-3016.17
-3016.17
-3016.17
-3016.17
-3016.17
-3016.17
-3016.17
-3016.17
-3016.17
-3016.17
-3016.17
-3016.17
-3016.17
-3016.17
-3016.17
-3016.17
-3016.17
-3016.17
-3016.17
-3016.17
-3016.17
-3016.17
-3016.17
-3016.17
-3016.17
-3016.17
-3016.17
-3016.17
-3016.17
-3016.17
-3016.17
-3016.17
-3016.17
-3016.17
-3016.17
-3016.17
-3016.17
-3016.17
-3016.17
-3016.17
-3016.17
-3016.17
-3016.17
-3016.17
-3016.17
-3016.17
-3016.17
-3016.17
-3016.17
-3016.17
-3016.17
-3016.17
-3016.17
-3016.17
-3016.17
-3016.17
-3016.17
-3016.17
-3016.17
-3016.17
-3016.17
-3016.17
-3016.17
-3016.17
-3016.17
-3016.17
-3016.17
-3016.17
-3016.17
-3016.17
-3016.17
-3016.17
-3016.17
-3016.17
-3016.17
-3016.17
-3016.17
-3016.17
-3016.17
-3016.17
-3016.17
-3016.17
-3016.17
-3016.17
-3016.17
-3016.17
-3016.17
-3016.17
-3016.17
-3016.17
-3016.17
-3016.17
-3016.17
-3016.17
-3016.17
-3016.17
-3016.17
-3016.17
-3016.17
-3016.17
-3016.17
-3016.17
-3016.17
-3016.17
-3016.17
-3016.17
-3016.17
-3016.17
-3016.17
-3016.17
-3016.17
-3016.17
-3016.17
-3016.17
-3016.17
-3016.17
-3016.17
-3016.17
-3016.17
-3016.17
-3016.17
-3016.17
-3016.17
-3016.17
-3016.17
-3016.17
-3016.17
-3016.17
-3016.17
-3016.17
-3016.17
-3016.17
-3016.17
-3016.17
-3016.17
-3016.17
-3016.17
-3016.17
-3016.17
-3016.17
-3016.17
-3016.17
-3016.17
-3016.17
-3016.17
-3016.17
-3016.17
-3016.17
-3016.17
-3016.17
-3016.17
-3016.17
-3016.17
-3016.17
-3016.17
-3016.17
-3016.17
-3016.17
-3016.17
-3016.17
-3016.17
-3016.17
-3016.17
-3016.17
-3016.17
-3016.17
-3016.17
-3016.17
-3016.17
-3016.17
-3016.17
-3016.17
-3016.17
-3016.17
-3016.17
-3016.16
-3016.16
-3016.16
-3016.16
-3016.16
-3016.16
-3016.16
-3016.16
-3016.16
-3016.16
-3016.15
-3016.15
-3016.15
-3016.15
-3016.15
-3016.15
-3016.14
-3016.14
-3016.14
-3016.14
-3016.13
-3016.13
-3016.13
-3016.12
-3016.12
-3016.12
-3016.11
-3016.11
-3016.1
-3016.1
-3016.1
-3016.09
-3016.09
-3016.08
-3016.08
-3016.07
-3016.07
-3016.06
-3016.06
-3016.05
-3016.05
-3016.04
-3016.04
-3016.04
-3016.04
-3016.04
-3016.05
-3016.06
-3016.08
-3016.11
-3016.15
-3016.21
-3016.31
-3016.43
-3016.58
-3016.66
-3866.73
-3866.74
-3866.77
-3866.8
-3866.83
-3866.86
-3866.88
-3866.9
-3866.92
-3866.94
-3866.96
-3866.97
-3866.99
-3867
-3867.01
-3867.02
-3867.03
-3867.04
-3867.05
-3867.06
-3867.07
-3867.07
-3867.08
-3867.09
-3867.09
-3867.1
-3867.1
-3867.11
-3867.11
-3867.12
-3867.12
-3867.12
-3867.13
-3867.13
-3867.13
-3867.14
-3867.14
-3867.14
-3867.15
-3867.15
-3867.15
-3867.15
-3867.15
-3867.15
-3867.16
-3867.16
-3867.16
-3867.16
-3867.16
-3867.16
-3867.16
-3867.16
-3867.16
-3867.17
-3867.17
-3867.17
-3867.17
-3867.17
-3867.17
-3867.17
-3867.17
-3867.17
-3867.17
-3867.17
-3867.17
-3867.17
-3867.17
-3867.17
-3867.17
-3867.17
-3867.17
-3867.17
-3867.17
-3867.17
-3867.17
-3867.17
-3867.17
-3867.17
-3867.17
-3867.17
-3867.17
-3867.17
-3867.17
-3867.17
-3867.17
-3867.17
-3867.17
-3867.17
-3867.17
-3867.17
-3867.17
-3867.17
-3867.17
-3867.17
-3867.17
-3867.17
-3867.17
-3867.17
-3867.17
-3867.17
-3867.17
-3867.17
-3867.17
-3867.17
-3867.17
-3867.17
-3867.17
-3867.17
-3867.17
-3867.17
-3867.17
-3867.17
-3867.17
-3867.17
-3867.17
-3867.17
-3867.17
-3867.17
-3867.17
-3867.17
-3867.17
-3867.17
-3867.17
-3867.17
-3867.17
-3867.17
-3867.17
-3867.17
-3867.17
-3867.17
-3867.17
-3867.17
-3867.17
-3867.17
-3867.17
-3867.17
-3867.17
-3867.17
-3867.17
-3867.17
-3867.17
-3867.17
-3867.17
-3867.17
-3867.17
-3867.17
-3867.17
-3867.17
-3867.17
-3867.17
-3867.17
-3867.17
-3867.17
-3867.17
-3867.17
-3867.17
-3867.17
-3867.17
-3867.17
-3867.17
-3867.17
-3867.17
-3867.17
-3867.17
-3867.17
-3867.17
-3867.17
-3867.17
-3867.17
-3867.17
-3867.17
-3867.17
-3867.17
-3867.17
-3867.17
-3867.17
-3867.17
-3867.17
-3867.17
-3867.17
-3867.17
-3867.17
-3867.17
-3867.17
-3867.17
-3867.17
-3867.17
-3867.17
-3867.17
-3867.17
-3867.17
-3867.17
-3867.17
-3867.17
-3867.17
-3867.17
-3867.17
-3867.17
-3867.17
-3867.17
-3867.17
-3867.17
-3867.17
-3867.17
-3867.17
-3867.17
-3867.17
-3867.17
-3867.17
-3867.17
-3867.17
-3867.17
-3867.17
-3867.17
-3867.17
-3867.17
-3867.17
-3867.17
-3867.17
-3867.17
-3867.17
-3867.17
-3867.17
-3867.17
-3867.17
-3867.17
-3867.17
-3867.17
-3867.17
-3867.17
-3867.17
-3867.17
-3867.17
-3867.17
-3867.17
-3867.17
-3867.17
-3867.17
-3867.17
-3867.17
-3867.17
-3867.17
-3867.17
-3867.17
-3867.17
-3867.17
-3867.17
-3867.17
-3867.17
-3867.17
-3867.17
-3867.17
-3867.17
-3867.17
-3867.17
-3867.17
-3867.17
-3867.17
-3867.17
-3867.17
-3867.17
-3867.17
-3867.17
-3867.17
-3867.17
-3867.17
-3867.17
-3867.17
-3867.17
-3867.17
-3867.17
-3867.17
-3867.17
-3867.17
-3867.17
-3867.17
-3867.17
-3867.17
-3867.17
-3867.17
-3867.17
-3867.17
-3867.17
-3867.17
-3867.17
-3867.17
-3867.17
-3867.17
-3867.17
-3867.17
-3867.17
-3867.17
-3867.17
-3867.17
-3867.17
-3867.17
-3867.17
-3867.17
-3867.17
-3867.17
-3867.17
-3867.17
-3867.17
-3867.17
-3867.17
-3867.17
-3867.17
-3867.17
-3867.17
-3867.17
-3867.17
-3867.17
-3867.17
-3867.17
-3867.17
-3867.17
-3867.17
-3867.17
-3867.17
-3867.17
-3867.17
-3867.17
-3867.17
-3867.17
-3867.17
-3867.17
-3867.17
-3867.17
-3867.17
-3867.17
-3867.17
-3867.17
-3867.17
-3867.17
-3867.17
-3867.17
-3867.17
-3867.17
-3867.17
-3867.17
-3867.17
-3867.17
-3867.17
-3867.16
-3867.16
-3867.16
-3867.16
-3867.16
-3867.16
-3867.16
-3867.16
-3867.16
-3867.15
-3867.15
-3867.15
-3867.15
-3867.15
-3867.14
-3867.14
-3867.14
-3867.14
-3867.13
-3867.13
-3867.13
-3867.12
-3867.12
-3867.12
-3867.11
-3867.11
-3867.1
-3867.1
-3867.09
-3867.09
-3867.08
-3867.08
-3867.07
-3867.06
-3867.06
-3867.05
-3867.04
-3867.04
-3867.03
-3867.02
-3867.02
-3867.01
-3867.01
-3867
-3867
-3867
-3867
-3867
-3867.01
-3867.03
-3867.05
-3867.09
-3867.14
-3867.21
-3867.28
-3867.36
-3867.4
-4709.29
-4709.3
-4709.33
-4709.36
-4709.39
-4709.42
-4709.45
-4709.47
-4709.5
-4709.52
-4709.54
-4709.55
-4709.57
-4709.59
-4709.6
-4709.61
-4709.63
-4709.64
-4709.65
-4709.66
-4709.67
-4709.68
-4709.68
-4709.69
-4709.7
-4709.71
-4709.71
-4709.72
-4709.72
-4709.73
-4709.73
-4709.74
-4709.74
-4709.75
-4709.75
-4709.75
-4709.76
-4709.76
-4709.76
-4709.76
-4709.77
-4709.77
-4709.77
-4709.77
-4709.78
-4709.78
-4709.78
-4709.78
-4709.78
-4709.78
-4709.78
-4709.78
-4709.79
-4709.79
-4709.79
-4709.79
-4709.79
-4709.79
-4709.79
-4709.79
-4709.79
-4709.79
-4709.79
-4709.79
-4709.79
-4709.79
-4709.79
-4709.79
-4709.79
-4709.79
-4709.79
-4709.79
-4709.79
-4709.79
-4709.79
-4709.8
-4709.8
-4709.8
-4709.8
-4709.8
-4709.8
-4709.8
-4709.8
-4709.8
-4709.8
-4709.8
-4709.8
-4709.8
-4709.8
-4709.8
-4709.8
-4709.8
-4709.8
-4709.8
-4709.8
-4709.8
-4709.8
-4709.8
-4709.8
-4709.8
-4709.8
-4709.8
-4709.8
-4709.8
-4709.8
-4709.8
-4709.8
-4709.8
-4709.8
-4709.8
-4709.8
-4709.8
-4709.8
-4709.8
-4709.8
-4709.8
-4709.8
-4709.8
-4709.8
-4709.8
-4709.8
-4709.8
-4709.8
-4709.8
-4709.8
-4709.8
-4709.8
-4709.8
-4709.8
-4709.8
-4709.8
-4709.8
-4709.8
-4709.8
-4709.8
-4709.8
-4709.8
-4709.8
-4709.8
-4709.8
-4709.8
-4709.8
-4709.8
-4709.8
-4709.8
-4709.8
-4709.8
-4709.8
-4709.8
-4709.8
-4709.8
-4709.8
-4709.8
-4709.8
-4709.8
-4709.8
-4709.8
-4709.8
-4709.8
-4709.8
-4709.8
-4709.8
-4709.8
-4709.8
-4709.8
-4709.8
-4709.8
-4709.8
-4709.8
-4709.8
-4709.8
-4709.8
-4709.8
-4709.8
-4709.8
-4709.8
-4709.8
-4709.8
-4709.8
-4709.8
-4709.8
-4709.8
-4709.8
-4709.8
-4709.8
-4709.8
-4709.8
-4709.8
-4709.8
-4709.8
-4709.8
-4709.8
-4709.8
-4709.8
-4709.8
-4709.8
-4709.8
-4709.8
-4709.8
-4709.8
-4709.8
-4709.8
-4709.8
-4709.8
-4709.8
-4709.8
-4709.8
-4709.8
-4709.8
-4709.8
-4709.8
-4709.8
-4709.8
-4709.8
-4709.8
-4709.8
-4709.8
-4709.8
-4709.8
-4709.8
-4709.8
-4709.8
-4709.8
-4709.8
-4709.8
-4709.8
-4709.8
-4709.8
-4709.8
-4709.8
-4709.8
-4709.8
-4709.8
-4709.8
-4709.8
-4709.8
-4709.8
-4709.8
-4709.8
-4709.8
-4709.8
-4709.8
-4709.8
-4709.8
-4709.8
-4709.8
-4709.8
-4709.8
-4709.8
-4709.8
-4709.8
-4709.8
-4709.8
-4709.8
-4709.8
-4709.8
-4709.8
-4709.8
-4709.8
-4709.8
-4709.8
-4709.8
-4709.8
-4709.8
-4709.8
-4709.8
-4709.8
-4709.8
-4709.8
-4709.8
-4709.8
-4709.8
-4709.8
-4709.8
-4709.8
-4709.8
-4709.8
-4709.8
-4709.8
-4709.8
-4709.8
-4709.8
-4709.8
-4709.8
-4709.8
-4709.8
-4709.8
-4709.8
-4709.8
-4709.8
-4709.8
-4709.8
-4709.8
-4709.8
-4709.8
-4709.8
-4709.8
-4709.8
-4709.8
-4709.8
-4709.8
-4709.8
-4709.8
-4709.8
-4709.8
-4709.8
-4709.8
-4709.8
-4709.8
-4709.8
-4709.8
-4709.8
-4709.8
-4709.8
-4709.8
-4709.8
-4709.8
-4709.8
-4709.8
-4709.8
-4709.8
-4709.8
-4709.79
-4709.79
-4709.79
-4709.79
-4709.79
-4709.79
-4709.79
-4709.79
-4709.79
-4709.79
-4709.79
-4709.79
-4709.79
-4709.79
-4709.79
-4709.79
-4709.79
-4709.79
-4709.79
-4709.79
-4709.79
-4709.79
-4709.79
-4709.78
-4709.78
-4709.78
-4709.78
-4709.78
-4709.78
-4709.78
-4709.77
-4709.77
-4709.77
-4709.77
-4709.76
-4709.76
-4709.76
-4709.76
-4709.75
-4709.75
-4709.74
-4709.74
-4709.74
-4709.73
-4709.73
-4709.72
-4709.72
-4709.71
-4709.7
-4709.7
-4709.69
-4709.68
-4709.68
-4709.67
-4709.66
-4709.65
-4709.65
-4709.64
-4709.63
-4709.62
-4709.61
-4709.6
-4709.6
-4709.59
-4709.58
-4709.58
-4709.57
-4709.57
-4709.58
-4709.58
-4709.59
-4709.61
-4709.64
-4709.67
-4709.71
-4709.76
-4709.79
-4709.82
-5541.65
-5541.66
-5541.69
-5541.72
-5541.76
-5541.79
-5541.82
-5541.84
-5541.87
-5541.89
-5541.92
-5541.94
-5541.96
-5541.97
-5541.99
-5542.01
-5542.02
-5542.03
-5542.05
-5542.06
-5542.07
-5542.08
-5542.09
-5542.1
-5542.1
-5542.11
-5542.12
-5542.13
-5542.13
-5542.14
-5542.15
-5542.15
-5542.16
-5542.16
-5542.16
-5542.17
-5542.17
-5542.18
-5542.18
-5542.18
-5542.19
-5542.19
-5542.19
-5542.19
-5542.2
-5542.2
-5542.2
-5542.2
-5542.2
-5542.2
-5542.21
-5542.21
-5542.21
-5542.21
-5542.21
-5542.21
-5542.21
-5542.21
-5542.21
-5542.21
-5542.21
-5542.21
-5542.21
-5542.22
-5542.22
-5542.22
-5542.22
-5542.22
-5542.22
-5542.22
-5542.22
-5542.22
-5542.22
-5542.22
-5542.22
-5542.22
-5542.22
-5542.22
-5542.22
-5542.22
-5542.22
-5542.22
-5542.22
-5542.22
-5542.22
-5542.22
-5542.22
-5542.22
-5542.22
-5542.22
-5542.22
-5542.22
-5542.22
-5542.22
-5542.22
-5542.22
-5542.22
-5542.22
-5542.22
-5542.22
-5542.22
-5542.22
-5542.22
-5542.22
-5542.22
-5542.22
-5542.22
-5542.22
-5542.22
-5542.22
-5542.22
-5542.22
-5542.22
-5542.22
-5542.22
-5542.22
-5542.22
-5542.22
-5542.22
-5542.22
-5542.22
-5542.22
-5542.22
-5542.22
-5542.22
-5542.22
-5542.22
-5542.22
-5542.22
-5542.22
-5542.22
-5542.22
-5542.22
-5542.22
-5542.22
-5542.22
-5542.22
-5542.22
-5542.22
-5542.22
-5542.22
-5542.22
-5542.22
-5542.22
-5542.22
-5542.22
-5542.22
-5542.22
-5542.22
-5542.22
-5542.22
-5542.22
-5542.22
-5542.22
-5542.22
-5542.22
-5542.22
-5542.22
-5542.22
-5542.22
-5542.22
-5542.22
-5542.22
-5542.22
-5542.22
-5542.22
-5542.22
-5542.22
-5542.22
-5542.22
-5542.22
-5542.22
-5542.22
-5542.22
-5542.22
-5542.22
-5542.22
-5542.22
-5542.22
-5542.22
-5542.22
-5542.22
-5542.22
-5542.22
-5542.22
-5542.22
-5542.22
-5542.22
-5542.22
-5542.22
-5542.22
-5542.22
-5542.22
-5542.22
-5542.22
-5542.22
-5542.22
-5542.22
-5542.22
-5542.22
-5542.22
-5542.22
-5542.22
-5542.22
-5542.22
-5542.22
-5542.22
-5542.22
-5542.22
-5542.22
-5542.22
-5542.22
-5542.22
-5542.22
-5542.22
-5542.22
-5542.22
-5542.22
-5542.22
-5542.22
-5542.22
-5542.22
-5542.22
-5542.22
-5542.22
-5542.22
-5542.22
-5542.22
-5542.22
-5542.22
-5542.22
-5542.22
-5542.22
-5542.22
-5542.22
-5542.22
-5542.22
-5542.22
-5542.22
-5542.22
-5542.22
-5542.22
-5542.22
-5542.22
-5542.22
-5542.22
-5542.22
-5542.22
-5542.22
-5542.22
-5542.22
-5542.22
-5542.22
-5542.22
-5542.22
-5542.22
-5542.22
-5542.22
-5542.22
-5542.22
-5542.22
-5542.22
-5542.22
-5542.22
-5542.22
-5542.22
-5542.22
-5542.22
-5542.22
-5542.22
-5542.22
-5542.22
-5542.22
-5542.22
-5542.22
-5542.22
-5542.22
-5542.22
-5542.22
-5542.22
-5542.22
-5542.22
-5542.22
-5542.22
-5542.22
-5542.22
-5542.22
-5542.22
-5542.22
-5542.22
-5542.22
-5542.22
-5542.22
-5542.22
-5542.22
-5542.22
-5542.22
-5542.22
-5542.22
-5542.22
-5542.22
-5542.22
-5542.22
-5542.22
-5542.22
-5542.22
-5542.22
-5542.22
-5542.22
-5542.22
-5542.22
-5542.22
-5542.22
-5542.22
-5542.22
-5542.22
-5542.22
-5542.22
-5542.22
-5542.22
-5542.22
-5542.22
-5542.22
-5542.22
-5542.22
-5542.22
-5542.22
-5542.22
-5542.22
-5542.22
-5542.22
-5542.22
-5542.22
-5542.22
-5542.21
-5542.21
-5542.21
-5542.21
-5542.21
-5542.21
-5542.21
-5542.21
-5542.21
-5542.21
-5542.21
-5542.21
-5542.2
-5542.2
-5542.2
-5542.2
-5542.2
-5542.2
-5542.19
-5542.19
-5542.19
-5542.18
-5542.18
-5542.18
-5542.18
-5542.17
-5542.17
-5542.16
-5542.16
-5542.15
-5542.15
-5542.14
-5542.14
-5542.13
-5542.12
-5542.12
-5542.11
-5542.1
-5542.1
-5542.09
-5542.08
-5542.07
-5542.06
-5542.05
-5542.04
-5542.03
-5542.02
-5542.01
-5542
-5541.99
-5541.98
-5541.97
-5541.96
-5541.96
-5541.95
-5541.95
-5541.95
-5541.95
-5541.95
-5541.96
-5541.98
-5542
-5542.02
-5542.04
-5542.06
-5542.07
-6362.01
-6362.01
-6362.05
-6362.08
-6362.12
-6362.15
-6362.19
-6362.22
-6362.24
-6362.27
-6362.3
-6362.32
-6362.34
-6362.36
-6362.38
-6362.4
-6362.41
-6362.43
-6362.44
-6362.46
-6362.47
-6362.48
-6362.49
-6362.5
-6362.51
-6362.52
-6362.53
-6362.54
-6362.54
-6362.55
-6362.56
-6362.56
-6362.57
-6362.57
-6362.58
-6362.58
-6362.59
-6362.59
-6362.59
-6362.6
-6362.6
-6362.6
-6362.61
-6362.61
-6362.61
-6362.62
-6362.62
-6362.62
-6362.62
-6362.62
-6362.62
-6362.63
-6362.63
-6362.63
-6362.63
-6362.63
-6362.63
-6362.63
-6362.63
-6362.63
-6362.63
-6362.64
-6362.64
-6362.64
-6362.64
-6362.64
-6362.64
-6362.64
-6362.64
-6362.64
-6362.64
-6362.64
-6362.64
-6362.64
-6362.64
-6362.64
-6362.64
-6362.64
-6362.64
-6362.64
-6362.64
-6362.64
-6362.64
-6362.64
-6362.64
-6362.64
-6362.64
-6362.64
-6362.64
-6362.64
-6362.64
-6362.64
-6362.64
-6362.64
-6362.64
-6362.64
-6362.64
-6362.64
-6362.64
-6362.64
-6362.64
-6362.64
-6362.64
-6362.64
-6362.64
-6362.64
-6362.64
-6362.64
-6362.64
-6362.64
-6362.64
-6362.64
-6362.64
-6362.64
-6362.64
-6362.64
-6362.64
-6362.64
-6362.64
-6362.64
-6362.64
-6362.64
-6362.64
-6362.64
-6362.64
-6362.64
-6362.64
-6362.64
-6362.64
-6362.64
-6362.64
-6362.64
-6362.64
-6362.64
-6362.64
-6362.64
-6362.64
-6362.64
-6362.64
-6362.64
-6362.64
-6362.64
-6362.64
-6362.64
-6362.64
-6362.64
-6362.64
-6362.64
-6362.64
-6362.64
-6362.64
-6362.64
-6362.64
-6362.64
-6362.64
-6362.64
-6362.64
-6362.64
-6362.64
-6362.64
-6362.64
-6362.64
-6362.64
-6362.64
-6362.64
-6362.64
-6362.64
-6362.64
-6362.64
-6362.64
-6362.64
-6362.64
-6362.64
-6362.64
-6362.64
-6362.64
-6362.64
-6362.64
-6362.64
-6362.64
-6362.64
-6362.64
-6362.64
-6362.64
-6362.64
-6362.64
-6362.64
-6362.64
-6362.64
-6362.64
-6362.64
-6362.64
-6362.64
-6362.64
-6362.64
-6362.64
-6362.64
-6362.64
-6362.64
-6362.64
-6362.64
-6362.64
-6362.64
-6362.64
-6362.64
-6362.64
-6362.64
-6362.64
-6362.64
-6362.64
-6362.64
-6362.64
-6362.64
-6362.64
-6362.64
-6362.64
-6362.64
-6362.64
-6362.64
-6362.64
-6362.64
-6362.64
-6362.64
-6362.64
-6362.64
-6362.64
-6362.64
-6362.64
-6362.64
-6362.64
-6362.64
-6362.64
-6362.64
-6362.64
-6362.64
-6362.64
-6362.64
-6362.64
-6362.64
-6362.64
-6362.64
-6362.64
-6362.64
-6362.64
-6362.64
-6362.64
-6362.64
-6362.64
-6362.64
-6362.64
-6362.64
-6362.64
-6362.64
-6362.64
-6362.64
-6362.64
-6362.64
-6362.64
-6362.64
-6362.64
-6362.64
-6362.64
-6362.64
-6362.64
-6362.64
-6362.64
-6362.64
-6362.64
-6362.64
-6362.64
-6362.64
-6362.64
-6362.64
-6362.64
-6362.64
-6362.64
-6362.64
-6362.64
-6362.64
-6362.64
-6362.64
-6362.64
-6362.64
-6362.64
-6362.64
-6362.64
-6362.64
-6362.64
-6362.64
-6362.64
-6362.64
-6362.64
-6362.64
-6362.64
-6362.64
-6362.64
-6362.64
-6362.64
-6362.64
-6362.64
-6362.64
-6362.64
-6362.64
-6362.64
-6362.64
-6362.64
-6362.64
-6362.64
-6362.64
-6362.64
-6362.64
-6362.64
-6362.64
-6362.64
-6362.64
-6362.64
-6362.64
-6362.64
-6362.64
-6362.64
-6362.64
-6362.64
-6362.64
-6362.64
-6362.64
-6362.64
-6362.64
-6362.64
-6362.64
-6362.64
-6362.64
-6362.64
-6362.64
-6362.64
-6362.64
-6362.63
-6362.63
-6362.63
-6362.63
-6362.63
-6362.63
-6362.63
-6362.63
-6362.63
-6362.63
-6362.62
-6362.62
-6362.62
-6362.62
-6362.62
-6362.62
-6362.61
-6362.61
-6362.61
-6362.6
-6362.6
-6362.6
-6362.59
-6362.59
-6362.59
-6362.58
-6362.58
-6362.57
-6362.57
-6362.56
-6362.55
-6362.55
-6362.54
-6362.53
-6362.52
-6362.52
-6362.51
-6362.5
-6362.49
-6362.48
-6362.47
-6362.46
-6362.45
-6362.44
-6362.42
-6362.41
-6362.4
-6362.39
-6362.38
-6362.36
-6362.35
-6362.34
-6362.33
-6362.32
-6362.31
-6362.31
-6362.31
-6362.31
-6362.31
-6362.31
-6362.32
-6362.33
-6362.33
-6362.33
-6362.34
-7168.59
-7168.59
-7168.63
-7168.67
-7168.71
-7168.74
-7168.78
-7168.81
-7168.84
-7168.87
-7168.9
-7168.92
-7168.95
-7168.97
-7168.99
-7169.01
-7169.03
-7169.05
-7169.06
-7169.08
-7169.09
-7169.1
-7169.11
-7169.13
-7169.14
-7169.15
-7169.16
-7169.17
-7169.17
-7169.18
-7169.19
-7169.2
-7169.2
-7169.21
-7169.21
-7169.22
-7169.22
-7169.23
-7169.23
-7169.24
-7169.24
-7169.24
-7169.25
-7169.25
-7169.25
-7169.26
-7169.26
-7169.26
-7169.26
-7169.26
-7169.27
-7169.27
-7169.27
-7169.27
-7169.27
-7169.27
-7169.27
-7169.27
-7169.28
-7169.28
-7169.28
-7169.28
-7169.28
-7169.28
-7169.28
-7169.28
-7169.28
-7169.28
-7169.28
-7169.28
-7169.28
-7169.28
-7169.28
-7169.28
-7169.28
-7169.28
-7169.28
-7169.28
-7169.28
-7169.28
-7169.28
-7169.28
-7169.28
-7169.28
-7169.28
-7169.28
-7169.28
-7169.28
-7169.28
-7169.28
-7169.28
-7169.28
-7169.28
-7169.28
-7169.28
-7169.28
-7169.28
-7169.28
-7169.28
-7169.28
-7169.28
-7169.28
-7169.28
-7169.28
-7169.28
-7169.28
-7169.28
-7169.28
-7169.28
-7169.28
-7169.28
-7169.28
-7169.28
-7169.28
-7169.28
-7169.28
-7169.28
-7169.28
-7169.28
-7169.28
-7169.28
-7169.28
-7169.28
-7169.28
-7169.28
-7169.28
-7169.28
-7169.28
-7169.28
-7169.28
-7169.28
-7169.28
-7169.28
-7169.28
-7169.28
-7169.28
-7169.28
-7169.28
-7169.28
-7169.28
-7169.28
-7169.28
-7169.28
-7169.28
-7169.28
-7169.28
-7169.28
-7169.28
-7169.28
-7169.28
-7169.28
-7169.28
-7169.28
-7169.28
-7169.28
-7169.28
-7169.28
-7169.28
-7169.28
-7169.28
-7169.28
-7169.28
-7169.28
-7169.28
-7169.28
-7169.28
-7169.28
-7169.28
-7169.28
-7169.28
-7169.28
-7169.28
-7169.28
-7169.28
-7169.28
-7169.28
-7169.28
-7169.28
-7169.28
-7169.28
-7169.28
-7169.28
-7169.28
-7169.28
-7169.28
-7169.28
-7169.28
-7169.28
-7169.28
-7169.28
-7169.28
-7169.28
-7169.28
-7169.28
-7169.28
-7169.28
-7169.28
-7169.28
-7169.28
-7169.28
-7169.28
-7169.28
-7169.28
-7169.28
-7169.28
-7169.28
-7169.28
-7169.28
-7169.28
-7169.28
-7169.28
-7169.28
-7169.28
-7169.28
-7169.28
-7169.28
-7169.28
-7169.28
-7169.28
-7169.28
-7169.28
-7169.28
-7169.28
-7169.28
-7169.28
-7169.28
-7169.28
-7169.28
-7169.28
-7169.28
-7169.28
-7169.28
-7169.28
-7169.28
-7169.28
-7169.28
-7169.28
-7169.28
-7169.28
-7169.28
-7169.28
-7169.28
-7169.28
-7169.28
-7169.28
-7169.28
-7169.28
-7169.28
-7169.28
-7169.28
-7169.28
-7169.28
-7169.28
-7169.28
-7169.28
-7169.28
-7169.28
-7169.28
-7169.28
-7169.28
-7169.28
-7169.28
-7169.28
-7169.28
-7169.28
-7169.28
-7169.28
-7169.28
-7169.28
-7169.28
-7169.28
-7169.28
-7169.28
-7169.28
-7169.28
-7169.28
-7169.28
-7169.28
-7169.28
-7169.28
-7169.28
-7169.28
-7169.28
-7169.28
-7169.28
-7169.28
-7169.28
-7169.28
-7169.28
-7169.28
-7169.28
-7169.28
-7169.28
-7169.28
-7169.28
-7169.28
-7169.28
-7169.28
-7169.28
-7169.28
-7169.28
-7169.28
-7169.28
-7169.28
-7169.28
-7169.28
-7169.28
-7169.28
-7169.28
-7169.28
-7169.28
-7169.28
-7169.28
-7169.28
-7169.28
-7169.28
-7169.28
-7169.28
-7169.28
-7169.28
-7169.28
-7169.28
-7169.28
-7169.28
-7169.28
-7169.28
-7169.28
-7169.28
-7169.28
-7169.28
-7169.28
-7169.28
-7169.28
-7169.28
-7169.28
-7169.28
-7169.28
-7169.28
-7169.27
-7169.27
-7169.27
-7169.27
-7169.27
-7169.27
-7169.27
-7169.27
-7169.26
-7169.26
-7169.26
-7169.26
-7169.26
-7169.25
-7169.25
-7169.25
-7169.24
-7169.24
-7169.24
-7169.23
-7169.23
-7169.22
-7169.22
-7169.21
-7169.21
-7169.2
-7169.19
-7169.19
-7169.18
-7169.17
-7169.16
-7169.15
-7169.14
-7169.13
-7169.12
-7169.11
-7169.1
-7169.09
-7169.08
-7169.06
-7169.05
-7169.04
-7169.02
-7169.01
-7169
-7168.98
-7168.97
-7168.95
-7168.94
-7168.93
-7168.91
-7168.9
-7168.89
-7168.88
-7168.88
-7168.87
-7168.87
-7168.86
-7168.86
-7168.85
-7168.84
-7168.84
-7959.64
-7959.64
-7959.69
-7959.73
-7959.77
-7959.81
-7959.85
-7959.88
-7959.92
-7959.95
-7959.98
-7960.01
-7960.03
-7960.06
-7960.08
-7960.1
-7960.12
-7960.14
-7960.16
-7960.17
-7960.19
-7960.2
-7960.22
-7960.23
-7960.24
-7960.25
-7960.26
-7960.27
-7960.28
-7960.29
-7960.3
-7960.3
-7960.31
-7960.32
-7960.32
-7960.33
-7960.33
-7960.34
-7960.34
-7960.35
-7960.35
-7960.36
-7960.36
-7960.36
-7960.37
-7960.37
-7960.37
-7960.38
-7960.38
-7960.38
-7960.38
-7960.38
-7960.38
-7960.39
-7960.39
-7960.39
-7960.39
-7960.39
-7960.39
-7960.39
-7960.39
-7960.39
-7960.4
-7960.4
-7960.4
-7960.4
-7960.4
-7960.4
-7960.4
-7960.4
-7960.4
-7960.4
-7960.4
-7960.4
-7960.4
-7960.4
-7960.4
-7960.4
-7960.4
-7960.4
-7960.4
-7960.4
-7960.4
-7960.4
-7960.4
-7960.4
-7960.4
-7960.4
-7960.4
-7960.4
-7960.4
-7960.4
-7960.4
-7960.4
-7960.4
-7960.4
-7960.4
-7960.4
-7960.4
-7960.4
-7960.4
-7960.4
-7960.4
-7960.4
-7960.4
-7960.4
-7960.4
-7960.4
-7960.4
-7960.4
-7960.4
-7960.4
-7960.4
-7960.4
-7960.4
-7960.4
-7960.4
-7960.4
-7960.4
-7960.4
-7960.4
-7960.4
-7960.4
-7960.4
-7960.4
-7960.4
-7960.4
-7960.4
-7960.4
-7960.4
-7960.4
-7960.4
-7960.4
-7960.4
-7960.4
-7960.4
-7960.4
-7960.4
-7960.4
-7960.4
-7960.4
-7960.4
-7960.4
-7960.4
-7960.4
-7960.4
-7960.4
-7960.4
-7960.4
-7960.4
-7960.4
-7960.4
-7960.4
-7960.4
-7960.4
-7960.4
-7960.4
-7960.4
-7960.4
-7960.4
-7960.4
-7960.4
-7960.4
-7960.4
-7960.4
-7960.4
-7960.4
-7960.4
-7960.4
-7960.4
-7960.4
-7960.4
-7960.4
-7960.4
-7960.4
-7960.4
-7960.4
-7960.4
-7960.4
-7960.4
-7960.4
-7960.4
-7960.4
-7960.4
-7960.4
-7960.4
-7960.4
-7960.4
-7960.4
-7960.4
-7960.4
-7960.4
-7960.4
-7960.4
-7960.4
-7960.4
-7960.4
-7960.4
-7960.4
-7960.4
-7960.4
-7960.4
-7960.4
-7960.4
-7960.4
-7960.4
-7960.4
-7960.4
-7960.4
-7960.4
-7960.4
-7960.4
-7960.4
-7960.4
-7960.4
-7960.4
-7960.4
-7960.4
-7960.4
-7960.4
-7960.4
-7960.4
-7960.4
-7960.4
-7960.4
-7960.4
-7960.4
-7960.4
-7960.4
-7960.4
-7960.4
-7960.4
-7960.4
-7960.4
-7960.4
-7960.4
-7960.4
-7960.4
-7960.4
-7960.4
-7960.4
-7960.4
-7960.4
-7960.4
-7960.4
-7960.4
-7960.4
-7960.4
-7960.4
-7960.4
-7960.4
-7960.4
-7960.4
-7960.4
-7960.4
-7960.4
-7960.4
-7960.4
-7960.4
-7960.4
-7960.4
-7960.4
-7960.4
-7960.4
-7960.4
-7960.4
-7960.4
-7960.4
-7960.4
-7960.4
-7960.4
-7960.4
-7960.4
-7960.4
-7960.4
-7960.4
-7960.4
-7960.4
-7960.4
-7960.4
-7960.4
-7960.4
-7960.4
-7960.4
-7960.4
-7960.4
-7960.4
-7960.4
-7960.4
-7960.4
-7960.4
-7960.4
-7960.4
-7960.4
-7960.4
-7960.4
-7960.4
-7960.4
-7960.4
-7960.4
-7960.4
-7960.4
-7960.4
-7960.4
-7960.4
-7960.4
-7960.4
-7960.4
-7960.4
-7960.4
-7960.4
-7960.4
-7960.4
-7960.4
-7960.4
-7960.4
-7960.4
-7960.4
-7960.4
-7960.4
-7960.4
-7960.4
-7960.4
-7960.4
-7960.4
-7960.4
-7960.4
-7960.4
-7960.4
-7960.4
-7960.4
-7960.4
-7960.4
-7960.4
-7960.4
-7960.39
-7960.39
-7960.39
-7960.39
-7960.39
-7960.39
-7960.39
-7960.39
-7960.39
-7960.38
-7960.38
-7960.38
-7960.38
-7960.38
-7960.37
-7960.37
-7960.37
-7960.36
-7960.36
-7960.36
-7960.35
-7960.35
-7960.34
-7960.34
-7960.33
-7960.33
-7960.32
-7960.31
-7960.31
-7960.3
-7960.29
-7960.28
-7960.28
-7960.27
-7960.26
-7960.25
-7960.23
-7960.22
-7960.21
-7960.2
-7960.18
-7960.17
-7960.16
-7960.14
-7960.13
-7960.11
-7960.09
-7960.08
-7960.06
-7960.04
-7960.03
-7960.01
-7959.99
-7959.98
-7959.96
-7959.95
-7959.93
-7959.92
-7959.91
-7959.89
-7959.88
-7959.86
-7959.85
-7959.83
-7959.83
-8733.45
-8733.46
-8733.5
-8733.55
-8733.59
-8733.64
-8733.68
-8733.72
-8733.76
-8733.79
-8733.82
-8733.85
-8733.88
-8733.91
-8733.93
-8733.95
-8733.98
-8734
-8734.01
-8734.03
-8734.05
-8734.06
-8734.08
-8734.09
-8734.1
-8734.12
-8734.13
-8734.14
-8734.15
-8734.16
-8734.17
-8734.17
-8734.18
-8734.19
-8734.2
-8734.2
-8734.21
-8734.21
-8734.22
-8734.22
-8734.23
-8734.23
-8734.24
-8734.24
-8734.24
-8734.25
-8734.25
-8734.25
-8734.25
-8734.26
-8734.26
-8734.26
-8734.26
-8734.26
-8734.27
-8734.27
-8734.27
-8734.27
-8734.27
-8734.27
-8734.27
-8734.27
-8734.27
-8734.28
-8734.28
-8734.28
-8734.28
-8734.28
-8734.28
-8734.28
-8734.28
-8734.28
-8734.28
-8734.28
-8734.28
-8734.28
-8734.28
-8734.28
-8734.28
-8734.28
-8734.28
-8734.28
-8734.28
-8734.28
-8734.28
-8734.28
-8734.28
-8734.28
-8734.28
-8734.28
-8734.28
-8734.28
-8734.28
-8734.28
-8734.28
-8734.28
-8734.28
-8734.28
-8734.28
-8734.28
-8734.28
-8734.28
-8734.28
-8734.28
-8734.28
-8734.28
-8734.28
-8734.28
-8734.28
-8734.28
-8734.28
-8734.28
-8734.28
-8734.28
-8734.28
-8734.28
-8734.28
-8734.28
-8734.28
-8734.28
-8734.28
-8734.28
-8734.28
-8734.28
-8734.28
-8734.28
-8734.28
-8734.28
-8734.28
-8734.28
-8734.28
-8734.28
-8734.28
-8734.28
-8734.28
-8734.28
-8734.28
-8734.28
-8734.28
-8734.28
-8734.28
-8734.28
-8734.28
-8734.28
-8734.28
-8734.28
-8734.28
-8734.28
-8734.28
-8734.28
-8734.28
-8734.28
-8734.28
-8734.28
-8734.28
-8734.28
-8734.28
-8734.28
-8734.28
-8734.28
-8734.28
-8734.28
-8734.28
-8734.28
-8734.28
-8734.28
-8734.28
-8734.28
-8734.28
-8734.28
-8734.28
-8734.28
-8734.28
-8734.28
-8734.28
-8734.28
-8734.28
-8734.28
-8734.28
-8734.28
-8734.28
-8734.28
-8734.28
-8734.28
-8734.28
-8734.28
-8734.28
-8734.28
-8734.28
-8734.28
-8734.28
-8734.28
-8734.28
-8734.28
-8734.28
-8734.28
-8734.28
-8734.28
-8734.28
-8734.28
-8734.28
-8734.28
-8734.28
-8734.28
-8734.28
-8734.28
-8734.28
-8734.28
-8734.28
-8734.28
-8734.28
-8734.28
-8734.28
-8734.28
-8734.28
-8734.28
-8734.28
-8734.28
-8734.28
-8734.28
-8734.28
-8734.28
-8734.28
-8734.28
-8734.28
-8734.28
-8734.28
-8734.28
-8734.28
-8734.28
-8734.28
-8734.28
-8734.28
-8734.28
-8734.28
-8734.28
-8734.28
-8734.28
-8734.28
-8734.28
-8734.28
-8734.28
-8734.28
-8734.28
-8734.28
-8734.28
-8734.28
-8734.28
-8734.28
-8734.28
-8734.28
-8734.28
-8734.28
-8734.28
-8734.28
-8734.28
-8734.28
-8734.28
-8734.28
-8734.28
-8734.28
-8734.28
-8734.28
-8734.28
-8734.28
-8734.28
-8734.28
-8734.28
-8734.28
-8734.28
-8734.28
-8734.28
-8734.28
-8734.28
-8734.28
-8734.28
-8734.28
-8734.28
-8734.28
-8734.28
-8734.28
-8734.28
-8734.28
-8734.28
-8734.28
-8734.28
-8734.28
-8734.28
-8734.28
-8734.28
-8734.28
-8734.28
-8734.28
-8734.28
-8734.28
-8734.28
-8734.28
-8734.28
-8734.28
-8734.28
-8734.28
-8734.28
-8734.28
-8734.28
-8734.28
-8734.28
-8734.28
-8734.28
-8734.28
-8734.28
-8734.28
-8734.28
-8734.28
-8734.28
-8734.28
-8734.28
-8734.28
-8734.28
-8734.28
-8734.28
-8734.28
-8734.28
-8734.28
-8734.28
-8734.28
-8734.28
-8734.28
-8734.28
-8734.28
-8734.28
-8734.28
-8734.28
-8734.28
-8734.28
-8734.27
-8734.27
-8734.27
-8734.27
-8734.27
-8734.27
-8734.27
-8734.27
-8734.27
-8734.26
-8734.26
-8734.26
-8734.26
-8734.26
-8734.25
-8734.25
-8734.25
-8734.24
-8734.24
-8734.24
-8734.23
-8734.23
-8734.22
-8734.22
-8734.21
-8734.21
-8734.2
-8734.19
-8734.19
-8734.18
-8734.17
-8734.16
-8734.15
-8734.14
-8734.13
-8734.12
-8734.11
-8734.1
-8734.08
-8734.07
-8734.06
-8734.04
-8734.03
-8734.01
-8733.99
-8733.98
-8733.96
-8733.94
-8733.92
-8733.9
-8733.88
-8733.86
-8733.84
-8733.82
-8733.8
-8733.78
-8733.76
-8733.74
-8733.73
-8733.71
-8733.68
-8733.66
-8733.64
-8733.61
-8733.59
-8733.58
-9488.35
-9488.36
-9488.41
-9488.46
-9488.51
-9488.56
-9488.6
-9488.64
-9488.68
-9488.72
-9488.76
-9488.79
-9488.82
-9488.85
-9488.87
-9488.9
-9488.92
-9488.94
-9488.96
-9488.98
-9489
-9489.01
-9489.03
-9489.04
-9489.06
-9489.07
-9489.08
-9489.09
-9489.1
-9489.11
-9489.12
-9489.13
-9489.14
-9489.15
-9489.15
-9489.16
-9489.17
-9489.17
-9489.18
-9489.18
-9489.19
-9489.19
-9489.2
-9489.2
-9489.21
-9489.21
-9489.21
-9489.22
-9489.22
-9489.22
-9489.22
-9489.23
-9489.23
-9489.23
-9489.23
-9489.23
-9489.23
-9489.23
-9489.24
-9489.24
-9489.24
-9489.24
-9489.24
-9489.24
-9489.24
-9489.24
-9489.24
-9489.24
-9489.24
-9489.24
-9489.24
-9489.24
-9489.24
-9489.24
-9489.25
-9489.25
-9489.25
-9489.25
-9489.25
-9489.25
-9489.25
-9489.25
-9489.25
-9489.25
-9489.25
-9489.25
-9489.25
-9489.25
-9489.25
-9489.25
-9489.25
-9489.25
-9489.25
-9489.25
-9489.25
-9489.25
-9489.25
-9489.25
-9489.25
-9489.25
-9489.25
-9489.25
-9489.25
-9489.25
-9489.25
-9489.25
-9489.25
-9489.25
-9489.25
-9489.25
-9489.25
-9489.25
-9489.25
-9489.25
-9489.25
-9489.25
-9489.25
-9489.25
-9489.25
-9489.25
-9489.25
-9489.25
-9489.25
-9489.25
-9489.25
-9489.25
-9489.25
-9489.25
-9489.25
-9489.25
-9489.25
-9489.25
-9489.25
-9489.25
-9489.25
-9489.25
-9489.25
-9489.25
-9489.25
-9489.25
-9489.25
-9489.25
-9489.25
-9489.25
-9489.25
-9489.25
-9489.25
-9489.25
-9489.25
-9489.25
-9489.25
-9489.25
-9489.25
-9489.25
-9489.25
-9489.25
-9489.25
-9489.25
-9489.25
-9489.25
-9489.25
-9489.25
-9489.25
-9489.25
-9489.25
-9489.25
-9489.25
-9489.25
-9489.25
-9489.25
-9489.25
-9489.25
-9489.25
-9489.25
-9489.25
-9489.25
-9489.25
-9489.25
-9489.25
-9489.25
-9489.25
-9489.25
-9489.25
-9489.25
-9489.25
-9489.25
-9489.25
-9489.25
-9489.25
-9489.25
-9489.25
-9489.25
-9489.25
-9489.25
-9489.25
-9489.25
-9489.25
-9489.25
-9489.25
-9489.25
-9489.25
-9489.25
-9489.25
-9489.25
-9489.25
-9489.25
-9489.25
-9489.25
-9489.25
-9489.25
-9489.25
-9489.25
-9489.25
-9489.25
-9489.25
-9489.25
-9489.25
-9489.25
-9489.25
-9489.25
-9489.25
-9489.25
-9489.25
-9489.25
-9489.25
-9489.25
-9489.25
-9489.25
-9489.25
-9489.25
-9489.25
-9489.25
-9489.25
-9489.25
-9489.25
-9489.25
-9489.25
-9489.25
-9489.25
-9489.25
-9489.25
-9489.25
-9489.25
-9489.25
-9489.25
-9489.25
-9489.25
-9489.25
-9489.25
-9489.25
-9489.25
-9489.25
-9489.25
-9489.25
-9489.25
-9489.25
-9489.25
-9489.25
-9489.25
-9489.25
-9489.25
-9489.25
-9489.25
-9489.25
-9489.25
-9489.25
-9489.25
-9489.25
-9489.25
-9489.25
-9489.25
-9489.25
-9489.25
-9489.25
-9489.25
-9489.25
-9489.25
-9489.25
-9489.25
-9489.25
-9489.25
-9489.25
-9489.25
-9489.25
-9489.25
-9489.25
-9489.25
-9489.25
-9489.25
-9489.25
-9489.25
-9489.25
-9489.25
-9489.25
-9489.25
-9489.25
-9489.25
-9489.25
-9489.25
-9489.25
-9489.25
-9489.25
-9489.25
-9489.25
-9489.25
-9489.25
-9489.25
-9489.25
-9489.25
-9489.25
-9489.25
-9489.25
-9489.25
-9489.25
-9489.25
-9489.25
-9489.25
-9489.25
-9489.25
-9489.25
-9489.25
-9489.25
-9489.25
-9489.24
-9489.24
-9489.24
-9489.24
-9489.24
-9489.24
-9489.24
-9489.24
-9489.24
-9489.24
-9489.24
-9489.24
-9489.24
-9489.24
-9489.24
-9489.24
-9489.23
-9489.23
-9489.23
-9489.23
-9489.23
-9489.23
-9489.22
-9489.22
-9489.22
-9489.22
-9489.21
-9489.21
-9489.21
-9489.2
-9489.2
-9489.19
-9489.19
-9489.18
-9489.18
-9489.17
-9489.17
-9489.16
-9489.15
-9489.14
-9489.13
-9489.13
-9489.12
-9489.11
-9489.1
-9489.08
-9489.07
-9489.06
-9489.05
-9489.03
-9489.02
-9489
-9488.99
-9488.97
-9488.95
-9488.93
-9488.91
-9488.89
-9488.87
-9488.85
-9488.83
-9488.81
-9488.79
-9488.76
-9488.74
-9488.72
-9488.69
-9488.67
-9488.64
-9488.62
-9488.59
-9488.56
-9488.53
-9488.5
-9488.47
-9488.43
-9488.43
-10222.7
-10222.7
-10222.8
-10222.8
-10222.9
-10222.9
-10223
-10223
-10223.1
-10223.1
-10223.1
-10223.2
-10223.2
-10223.2
-10223.3
-10223.3
-10223.3
-10223.3
-10223.4
-10223.4
-10223.4
-10223.4
-10223.4
-10223.4
-10223.5
-10223.5
-10223.5
-10223.5
-10223.5
-10223.5
-10223.5
-10223.5
-10223.5
-10223.6
-10223.6
-10223.6
-10223.6
-10223.6
-10223.6
-10223.6
-10223.6
-10223.6
-10223.6
-10223.6
-10223.6
-10223.6
-10223.6
-10223.6
-10223.6
-10223.6
-10223.6
-10223.6
-10223.6
-10223.6
-10223.6
-10223.6
-10223.6
-10223.7
-10223.7
-10223.7
-10223.7
-10223.7
-10223.7
-10223.7
-10223.7
-10223.7
-10223.7
-10223.7
-10223.7
-10223.7
-10223.7
-10223.7
-10223.7
-10223.7
-10223.7
-10223.7
-10223.7
-10223.7
-10223.7
-10223.7
-10223.7
-10223.7
-10223.7
-10223.7
-10223.7
-10223.7
-10223.7
-10223.7
-10223.7
-10223.7
-10223.7
-10223.7
-10223.7
-10223.7
-10223.7
-10223.7
-10223.7
-10223.7
-10223.7
-10223.7
-10223.7
-10223.7
-10223.7
-10223.7
-10223.7
-10223.7
-10223.7
-10223.7
-10223.7
-10223.7
-10223.7
-10223.7
-10223.7
-10223.7
-10223.7
-10223.7
-10223.7
-10223.7
-10223.7
-10223.7
-10223.7
-10223.7
-10223.7
-10223.7
-10223.7
-10223.7
-10223.7
-10223.7
-10223.7
-10223.7
-10223.7
-10223.7
-10223.7
-10223.7
-10223.7
-10223.7
-10223.7
-10223.7
-10223.7
-10223.7
-10223.7
-10223.7
-10223.7
-10223.7
-10223.7
-10223.7
-10223.7
-10223.7
-10223.7
-10223.7
-10223.7
-10223.7
-10223.7
-10223.7
-10223.7
-10223.7
-10223.7
-10223.7
-10223.7
-10223.7
-10223.7
-10223.7
-10223.7
-10223.7
-10223.7
-10223.7
-10223.7
-10223.7
-10223.7
-10223.7
-10223.7
-10223.7
-10223.7
-10223.7
-10223.7
-10223.7
-10223.7
-10223.7
-10223.7
-10223.7
-10223.7
-10223.7
-10223.7
-10223.7
-10223.7
-10223.7
-10223.7
-10223.7
-10223.7
-10223.7
-10223.7
-10223.7
-10223.7
-10223.7
-10223.7
-10223.7
-10223.7
-10223.7
-10223.7
-10223.7
-10223.7
-10223.7
-10223.7
-10223.7
-10223.7
-10223.7
-10223.7
-10223.7
-10223.7
-10223.7
-10223.7
-10223.7
-10223.7
-10223.7
-10223.7
-10223.7
-10223.7
-10223.7
-10223.7
-10223.7
-10223.7
-10223.7
-10223.7
-10223.7
-10223.7
-10223.7
-10223.7
-10223.7
-10223.7
-10223.7
-10223.7
-10223.7
-10223.7
-10223.7
-10223.7
-10223.7
-10223.7
-10223.7
-10223.7
-10223.7
-10223.7
-10223.7
-10223.7
-10223.7
-10223.7
-10223.7
-10223.7
-10223.7
-10223.7
-10223.7
-10223.7
-10223.7
-10223.7
-10223.7
-10223.7
-10223.7
-10223.7
-10223.7
-10223.7
-10223.7
-10223.7
-10223.7
-10223.7
-10223.7
-10223.7
-10223.7
-10223.7
-10223.7
-10223.7
-10223.7
-10223.7
-10223.7
-10223.7
-10223.7
-10223.7
-10223.7
-10223.7
-10223.7
-10223.7
-10223.7
-10223.7
-10223.7
-10223.7
-10223.7
-10223.7
-10223.7
-10223.7
-10223.7
-10223.7
-10223.7
-10223.7
-10223.7
-10223.7
-10223.7
-10223.7
-10223.7
-10223.7
-10223.7
-10223.7
-10223.7
-10223.7
-10223.7
-10223.7
-10223.7
-10223.7
-10223.7
-10223.7
-10223.7
-10223.7
-10223.7
-10223.7
-10223.7
-10223.7
-10223.7
-10223.7
-10223.7
-10223.7
-10223.7
-10223.7
-10223.7
-10223.7
-10223.7
-10223.7
-10223.7
-10223.7
-10223.7
-10223.7
-10223.7
-10223.7
-10223.7
-10223.7
-10223.7
-10223.7
-10223.7
-10223.7
-10223.7
-10223.7
-10223.7
-10223.7
-10223.6
-10223.6
-10223.6
-10223.6
-10223.6
-10223.6
-10223.6
-10223.6
-10223.6
-10223.6
-10223.6
-10223.6
-10223.6
-10223.6
-10223.6
-10223.6
-10223.6
-10223.6
-10223.6
-10223.6
-10223.6
-10223.6
-10223.6
-10223.6
-10223.5
-10223.5
-10223.5
-10223.5
-10223.5
-10223.5
-10223.5
-10223.5
-10223.4
-10223.4
-10223.4
-10223.4
-10223.4
-10223.4
-10223.3
-10223.3
-10223.3
-10223.3
-10223.3
-10223.2
-10223.2
-10223.2
-10223.2
-10223.1
-10223.1
-10223.1
-10223.1
-10223
-10223
-10223
-10222.9
-10222.9
-10222.9
-10222.8
-10222.8
-10222.7
-10222.7
-10934.9
-10934.9
-10935
-10935
-10935.1
-10935.2
-10935.2
-10935.3
-10935.3
-10935.4
-10935.4
-10935.4
-10935.5
-10935.5
-10935.5
-10935.5
-10935.6
-10935.6
-10935.6
-10935.6
-10935.7
-10935.7
-10935.7
-10935.7
-10935.7
-10935.7
-10935.7
-10935.8
-10935.8
-10935.8
-10935.8
-10935.8
-10935.8
-10935.8
-10935.8
-10935.8
-10935.8
-10935.9
-10935.9
-10935.9
-10935.9
-10935.9
-10935.9
-10935.9
-10935.9
-10935.9
-10935.9
-10935.9
-10935.9
-10935.9
-10935.9
-10935.9
-10935.9
-10935.9
-10935.9
-10935.9
-10935.9
-10935.9
-10935.9
-10935.9
-10935.9
-10935.9
-10935.9
-10935.9
-10935.9
-10935.9
-10935.9
-10935.9
-10935.9
-10935.9
-10935.9
-10935.9
-10935.9
-10935.9
-10935.9
-10935.9
-10935.9
-10935.9
-10935.9
-10935.9
-10935.9
-10935.9
-10935.9
-10935.9
-10935.9
-10935.9
-10935.9
-10935.9
-10935.9
-10935.9
-10935.9
-10935.9
-10935.9
-10935.9
-10935.9
-10935.9
-10935.9
-10935.9
-10935.9
-10935.9
-10935.9
-10935.9
-10935.9
-10935.9
-10935.9
-10935.9
-10935.9
-10935.9
-10935.9
-10935.9
-10935.9
-10935.9
-10935.9
-10935.9
-10935.9
-10935.9
-10935.9
-10935.9
-10935.9
-10935.9
-10935.9
-10935.9
-10935.9
-10935.9
-10935.9
-10935.9
-10935.9
-10935.9
-10935.9
-10935.9
-10935.9
-10935.9
-10935.9
-10935.9
-10935.9
-10935.9
-10935.9
-10935.9
-10935.9
-10935.9
-10935.9
-10935.9
-10935.9
-10935.9
-10935.9
-10935.9
-10935.9
-10935.9
-10935.9
-10935.9
-10935.9
-10935.9
-10935.9
-10935.9
-10935.9
-10935.9
-10935.9
-10935.9
-10935.9
-10935.9
-10935.9
-10935.9
-10935.9
-10935.9
-10935.9
-10935.9
-10935.9
-10935.9
-10935.9
-10935.9
-10935.9
-10935.9
-10935.9
-10935.9
-10935.9
-10935.9
-10935.9
-10935.9
-10935.9
-10935.9
-10935.9
-10935.9
-10935.9
-10935.9
-10935.9
-10935.9
-10935.9
-10935.9
-10935.9
-10935.9
-10935.9
-10935.9
-10935.9
-10935.9
-10935.9
-10935.9
-10935.9
-10935.9
-10935.9
-10935.9
-10935.9
-10935.9
-10935.9
-10935.9
-10935.9
-10935.9
-10935.9
-10935.9
-10935.9
-10935.9
-10935.9
-10935.9
-10935.9
-10935.9
-10935.9
-10935.9
-10935.9
-10935.9
-10935.9
-10935.9
-10935.9
-10935.9
-10935.9
-10935.9
-10935.9
-10935.9
-10935.9
-10935.9
-10935.9
-10935.9
-10935.9
-10935.9
-10935.9
-10935.9
-10935.9
-10935.9
-10935.9
-10935.9
-10935.9
-10935.9
-10935.9
-10935.9
-10935.9
-10935.9
-10935.9
-10935.9
-10935.9
-10935.9
-10935.9
-10935.9
-10935.9
-10935.9
-10935.9
-10935.9
-10935.9
-10935.9
-10935.9
-10935.9
-10935.9
-10935.9
-10935.9
-10935.9
-10935.9
-10935.9
-10935.9
-10935.9
-10935.9
-10935.9
-10935.9
-10935.9
-10935.9
-10935.9
-10935.9
-10935.9
-10935.9
-10935.9
-10935.9
-10935.9
-10935.9
-10935.9
-10935.9
-10935.9
-10935.9
-10935.9
-10935.9
-10935.9
-10935.9
-10935.9
-10935.9
-10935.9
-10935.9
-10935.9
-10935.9
-10935.9
-10935.9
-10935.9
-10935.9
-10935.9
-10935.9
-10935.9
-10935.9
-10935.9
-10935.9
-10935.9
-10935.9
-10935.9
-10935.9
-10935.9
-10935.9
-10935.9
-10935.9
-10935.9
-10935.9
-10935.9
-10935.9
-10935.9
-10935.9
-10935.9
-10935.9
-10935.9
-10935.9
-10935.9
-10935.9
-10935.9
-10935.9
-10935.9
-10935.9
-10935.9
-10935.9
-10935.9
-10935.9
-10935.9
-10935.9
-10935.9
-10935.9
-10935.9
-10935.9
-10935.9
-10935.9
-10935.9
-10935.9
-10935.9
-10935.9
-10935.9
-10935.9
-10935.9
-10935.9
-10935.9
-10935.9
-10935.9
-10935.9
-10935.9
-10935.9
-10935.9
-10935.9
-10935.9
-10935.9
-10935.9
-10935.9
-10935.8
-10935.8
-10935.8
-10935.8
-10935.8
-10935.8
-10935.8
-10935.8
-10935.8
-10935.8
-10935.7
-10935.7
-10935.7
-10935.7
-10935.7
-10935.7
-10935.6
-10935.6
-10935.6
-10935.6
-10935.6
-10935.5
-10935.5
-10935.5
-10935.5
-10935.4
-10935.4
-10935.4
-10935.3
-10935.3
-10935.3
-10935.2
-10935.2
-10935.2
-10935.1
-10935.1
-10935
-10935
-10935
-10934.9
-10934.9
-11623.4
-11623.4
-11623.5
-11623.6
-11623.7
-11623.7
-11623.8
-11623.8
-11623.9
-11623.9
-11624
-11624
-11624
-11624.1
-11624.1
-11624.1
-11624.1
-11624.2
-11624.2
-11624.2
-11624.2
-11624.3
-11624.3
-11624.3
-11624.3
-11624.3
-11624.3
-11624.3
-11624.4
-11624.4
-11624.4
-11624.4
-11624.4
-11624.4
-11624.4
-11624.4
-11624.4
-11624.4
-11624.5
-11624.5
-11624.5
-11624.5
-11624.5
-11624.5
-11624.5
-11624.5
-11624.5
-11624.5
-11624.5
-11624.5
-11624.5
-11624.5
-11624.5
-11624.5
-11624.5
-11624.5
-11624.5
-11624.5
-11624.5
-11624.5
-11624.5
-11624.5
-11624.5
-11624.5
-11624.5
-11624.5
-11624.5
-11624.5
-11624.5
-11624.5
-11624.5
-11624.5
-11624.5
-11624.5
-11624.5
-11624.5
-11624.5
-11624.5
-11624.5
-11624.5
-11624.5
-11624.5
-11624.5
-11624.5
-11624.5
-11624.5
-11624.5
-11624.5
-11624.5
-11624.5
-11624.5
-11624.5
-11624.5
-11624.5
-11624.5
-11624.5
-11624.5
-11624.5
-11624.5
-11624.5
-11624.5
-11624.5
-11624.5
-11624.5
-11624.5
-11624.5
-11624.5
-11624.5
-11624.5
-11624.5
-11624.5
-11624.5
-11624.5
-11624.5
-11624.5
-11624.5
-11624.5
-11624.5
-11624.5
-11624.5
-11624.5
-11624.5
-11624.5
-11624.5
-11624.5
-11624.5
-11624.5
-11624.5
-11624.5
-11624.5
-11624.5
-11624.5
-11624.5
-11624.5
-11624.5
-11624.5
-11624.5
-11624.5
-11624.5
-11624.5
-11624.5
-11624.5
-11624.5
-11624.5
-11624.5
-11624.5
-11624.5
-11624.5
-11624.5
-11624.5
-11624.5
-11624.5
-11624.5
-11624.5
-11624.5
-11624.5
-11624.5
-11624.5
-11624.5
-11624.5
-11624.5
-11624.5
-11624.5
-11624.5
-11624.5
-11624.5
-11624.5
-11624.5
-11624.5
-11624.5
-11624.5
-11624.5
-11624.5
-11624.5
-11624.5
-11624.5
-11624.5
-11624.5
-11624.5
-11624.5
-11624.5
-11624.5
-11624.5
-11624.5
-11624.5
-11624.5
-11624.5
-11624.5
-11624.5
-11624.5
-11624.5
-11624.5
-11624.5
-11624.5
-11624.5
-11624.5
-11624.5
-11624.5
-11624.5
-11624.5
-11624.5
-11624.5
-11624.5
-11624.5
-11624.5
-11624.5
-11624.5
-11624.5
-11624.5
-11624.5
-11624.5
-11624.5
-11624.5
-11624.5
-11624.5
-11624.5
-11624.5
-11624.5
-11624.5
-11624.5
-11624.5
-11624.5
-11624.5
-11624.5
-11624.5
-11624.5
-11624.5
-11624.5
-11624.5
-11624.5
-11624.5
-11624.5
-11624.5
-11624.5
-11624.5
-11624.5
-11624.5
-11624.5
-11624.5
-11624.5
-11624.5
-11624.5
-11624.5
-11624.5
-11624.5
-11624.5
-11624.5
-11624.5
-11624.5
-11624.5
-11624.5
-11624.5
-11624.5
-11624.5
-11624.5
-11624.5
-11624.5
-11624.5
-11624.5
-11624.5
-11624.5
-11624.5
-11624.5
-11624.5
-11624.5
-11624.5
-11624.5
-11624.5
-11624.5
-11624.5
-11624.5
-11624.5
-11624.5
-11624.5
-11624.5
-11624.5
-11624.5
-11624.5
-11624.5
-11624.5
-11624.5
-11624.5
-11624.5
-11624.5
-11624.5
-11624.5
-11624.5
-11624.5
-11624.5
-11624.5
-11624.5
-11624.5
-11624.5
-11624.5
-11624.5
-11624.5
-11624.5
-11624.5
-11624.5
-11624.5
-11624.5
-11624.5
-11624.5
-11624.5
-11624.5
-11624.5
-11624.5
-11624.5
-11624.5
-11624.5
-11624.5
-11624.5
-11624.5
-11624.5
-11624.5
-11624.5
-11624.5
-11624.5
-11624.5
-11624.5
-11624.5
-11624.5
-11624.5
-11624.5
-11624.5
-11624.5
-11624.5
-11624.5
-11624.5
-11624.5
-11624.5
-11624.5
-11624.5
-11624.5
-11624.5
-11624.5
-11624.5
-11624.5
-11624.5
-11624.5
-11624.5
-11624.5
-11624.5
-11624.5
-11624.5
-11624.5
-11624.5
-11624.5
-11624.5
-11624.5
-11624.5
-11624.5
-11624.5
-11624.5
-11624.5
-11624.5
-11624.5
-11624.5
-11624.4
-11624.4
-11624.4
-11624.4
-11624.4
-11624.4
-11624.4
-11624.4
-11624.4
-11624.3
-11624.3
-11624.3
-11624.3
-11624.3
-11624.3
-11624.3
-11624.2
-11624.2
-11624.2
-11624.2
-11624.1
-11624.1
-11624.1
-11624.1
-11624
-11624
-11624
-11623.9
-11623.9
-11623.9
-11623.8
-11623.8
-11623.8
-11623.7
-11623.7
-11623.6
-11623.6
-11623.6
-11623.5
-11623.4
-11623.4
-11623.4
-12286.7
-12286.8
-12286.9
-12287
-12287
-12287.1
-12287.2
-12287.2
-12287.3
-12287.3
-12287.4
-12287.4
-12287.4
-12287.5
-12287.5
-12287.5
-12287.5
-12287.6
-12287.6
-12287.6
-12287.6
-12287.7
-12287.7
-12287.7
-12287.7
-12287.7
-12287.7
-12287.8
-12287.8
-12287.8
-12287.8
-12287.8
-12287.8
-12287.8
-12287.8
-12287.8
-12287.9
-12287.9
-12287.9
-12287.9
-12287.9
-12287.9
-12287.9
-12287.9
-12287.9
-12287.9
-12287.9
-12287.9
-12287.9
-12287.9
-12287.9
-12287.9
-12287.9
-12287.9
-12287.9
-12287.9
-12287.9
-12287.9
-12287.9
-12287.9
-12287.9
-12287.9
-12287.9
-12287.9
-12287.9
-12287.9
-12288
-12288
-12288
-12288
-12288
-12288
-12288
-12288
-12288
-12288
-12288
-12288
-12288
-12288
-12288
-12288
-12288
-12288
-12288
-12288
-12288
-12288
-12288
-12288
-12288
-12288
-12288
-12288
-12288
-12288
-12288
-12288
-12288
-12288
-12288
-12288
-12288
-12288
-12288
-12288
-12288
-12288
-12288
-12288
-12288
-12288
-12288
-12288
-12288
-12288
-12288
-12288
-12288
-12288
-12288
-12288
-12288
-12288
-12288
-12288
-12288
-12288
-12288
-12288
-12288
-12288
-12288
-12288
-12288
-12288
-12288
-12288
-12288
-12288
-12288
-12288
-12288
-12288
-12288
-12288
-12288
-12288
-12288
-12288
-12288
-12288
-12288
-12288
-12288
-12288
-12288
-12288
-12288
-12288
-12288
-12288
-12288
-12288
-12288
-12288
-12288
-12288
-12288
-12288
-12288
-12288
-12288
-12288
-12288
-12288
-12288
-12288
-12288
-12288
-12288
-12288
-12288
-12288
-12288
-12288
-12288
-12288
-12288
-12288
-12288
-12288
-12288
-12288
-12288
-12288
-12288
-12288
-12288
-12288
-12288
-12288
-12288
-12288
-12288
-12288
-12288
-12288
-12288
-12288
-12288
-12288
-12288
-12288
-12288
-12288
-12288
-12288
-12288
-12288
-12288
-12288
-12288
-12288
-12288
-12288
-12288
-12288
-12288
-12288
-12288
-12288
-12288
-12288
-12288
-12288
-12288
-12288
-12288
-12288
-12288
-12288
-12288
-12288
-12288
-12288
-12288
-12288
-12288
-12288
-12288
-12288
-12288
-12288
-12288
-12288
-12288
-12288
-12288
-12288
-12288
-12288
-12288
-12288
-12288
-12288
-12288
-12288
-12288
-12288
-12288
-12288
-12288
-12288
-12288
-12288
-12288
-12288
-12288
-12288
-12288
-12288
-12288
-12288
-12288
-12288
-12288
-12288
-12288
-12288
-12288
-12288
-12288
-12288
-12288
-12288
-12288
-12288
-12288
-12288
-12288
-12288
-12288
-12288
-12288
-12288
-12288
-12288
-12288
-12288
-12288
-12288
-12288
-12288
-12288
-12288
-12288
-12288
-12288
-12288
-12288
-12288
-12288
-12288
-12288
-12288
-12288
-12288
-12288
-12288
-12288
-12287.9
-12287.9
-12287.9
-12287.9
-12287.9
-12287.9
-12287.9
-12287.9
-12287.9
-12287.9
-12287.9
-12287.9
-12287.9
-12287.9
-12287.9
-12287.9
-12287.9
-12287.9
-12287.9
-12287.9
-12287.9
-12287.9
-12287.9
-12287.9
-12287.9
-12287.9
-12287.9
-12287.9
-12287.9
-12287.8
-12287.8
-12287.8
-12287.8
-12287.8
-12287.8
-12287.8
-12287.8
-12287.7
-12287.7
-12287.7
-12287.7
-12287.7
-12287.7
-12287.6
-12287.6
-12287.6
-12287.6
-12287.5
-12287.5
-12287.5
-12287.5
-12287.4
-12287.4
-12287.4
-12287.3
-12287.3
-12287.3
-12287.2
-12287.2
-12287.1
-12287.1
-12287
-12287
-12286.9
-12286.9
-12286.8
-12286.8
-12286.7
-12286.7
-12923.4
-12923.5
-12923.6
-12923.7
-12923.8
-12923.9
-12924
-12924
-12924.1
-12924.1
-12924.1
-12924.2
-12924.2
-12924.2
-12924.3
-12924.3
-12924.3
-12924.4
-12924.4
-12924.4
-12924.4
-12924.4
-12924.5
-12924.5
-12924.5
-12924.5
-12924.5
-12924.6
-12924.6
-12924.6
-12924.6
-12924.6
-12924.6
-12924.6
-12924.6
-12924.6
-12924.7
-12924.7
-12924.7
-12924.7
-12924.7
-12924.7
-12924.7
-12924.7
-12924.7
-12924.7
-12924.7
-12924.7
-12924.7
-12924.7
-12924.7
-12924.7
-12924.7
-12924.7
-12924.7
-12924.7
-12924.7
-12924.7
-12924.7
-12924.7
-12924.7
-12924.7
-12924.7
-12924.7
-12924.8
-12924.8
-12924.8
-12924.8
-12924.8
-12924.8
-12924.8
-12924.8
-12924.8
-12924.8
-12924.8
-12924.8
-12924.8
-12924.8
-12924.8
-12924.8
-12924.8
-12924.8
-12924.8
-12924.8
-12924.8
-12924.8
-12924.8
-12924.8
-12924.8
-12924.8
-12924.8
-12924.8
-12924.8
-12924.8
-12924.8
-12924.8
-12924.8
-12924.8
-12924.8
-12924.8
-12924.8
-12924.8
-12924.8
-12924.8
-12924.8
-12924.8
-12924.8
-12924.8
-12924.8
-12924.8
-12924.8
-12924.8
-12924.8
-12924.8
-12924.8
-12924.8
-12924.8
-12924.8
-12924.8
-12924.8
-12924.8
-12924.8
-12924.8
-12924.8
-12924.8
-12924.8
-12924.8
-12924.8
-12924.8
-12924.8
-12924.8
-12924.8
-12924.8
-12924.8
-12924.8
-12924.8
-12924.8
-12924.8
-12924.8
-12924.8
-12924.8
-12924.8
-12924.8
-12924.8
-12924.8
-12924.8
-12924.8
-12924.8
-12924.8
-12924.8
-12924.8
-12924.8
-12924.8
-12924.8
-12924.8
-12924.8
-12924.8
-12924.8
-12924.8
-12924.8
-12924.8
-12924.8
-12924.8
-12924.8
-12924.8
-12924.8
-12924.8
-12924.8
-12924.8
-12924.8
-12924.8
-12924.8
-12924.8
-12924.8
-12924.8
-12924.8
-12924.8
-12924.8
-12924.8
-12924.8
-12924.8
-12924.8
-12924.8
-12924.8
-12924.8
-12924.8
-12924.8
-12924.8
-12924.8
-12924.8
-12924.8
-12924.8
-12924.8
-12924.8
-12924.8
-12924.8
-12924.8
-12924.8
-12924.8
-12924.8
-12924.8
-12924.8
-12924.8
-12924.8
-12924.8
-12924.8
-12924.8
-12924.8
-12924.8
-12924.8
-12924.8
-12924.8
-12924.8
-12924.8
-12924.8
-12924.8
-12924.8
-12924.8
-12924.8
-12924.8
-12924.8
-12924.8
-12924.8
-12924.8
-12924.8
-12924.8
-12924.8
-12924.8
-12924.8
-12924.8
-12924.8
-12924.8
-12924.8
-12924.8
-12924.8
-12924.8
-12924.8
-12924.8
-12924.8
-12924.8
-12924.8
-12924.8
-12924.8
-12924.8
-12924.8
-12924.8
-12924.8
-12924.8
-12924.8
-12924.8
-12924.8
-12924.8
-12924.8
-12924.8
-12924.8
-12924.8
-12924.8
-12924.8
-12924.8
-12924.8
-12924.8
-12924.8
-12924.8
-12924.8
-12924.8
-12924.8
-12924.8
-12924.8
-12924.8
-12924.8
-12924.8
-12924.8
-12924.8
-12924.8
-12924.8
-12924.8
-12924.8
-12924.8
-12924.8
-12924.8
-12924.8
-12924.8
-12924.8
-12924.8
-12924.8
-12924.8
-12924.8
-12924.8
-12924.8
-12924.8
-12924.8
-12924.8
-12924.8
-12924.8
-12924.8
-12924.8
-12924.8
-12924.8
-12924.8
-12924.8
-12924.8
-12924.8
-12924.8
-12924.8
-12924.8
-12924.8
-12924.8
-12924.8
-12924.8
-12924.8
-12924.8
-12924.8
-12924.8
-12924.8
-12924.8
-12924.8
-12924.8
-12924.8
-12924.8
-12924.8
-12924.8
-12924.8
-12924.8
-12924.8
-12924.8
-12924.8
-12924.8
-12924.8
-12924.8
-12924.8
-12924.8
-12924.8
-12924.8
-12924.7
-12924.7
-12924.7
-12924.7
-12924.7
-12924.7
-12924.7
-12924.7
-12924.7
-12924.7
-12924.7
-12924.7
-12924.7
-12924.7
-12924.7
-12924.7
-12924.7
-12924.7
-12924.7
-12924.7
-12924.7
-12924.7
-12924.7
-12924.7
-12924.7
-12924.7
-12924.6
-12924.6
-12924.6
-12924.6
-12924.6
-12924.6
-12924.6
-12924.6
-12924.6
-12924.5
-12924.5
-12924.5
-12924.5
-12924.5
-12924.4
-12924.4
-12924.4
-12924.4
-12924.3
-12924.3
-12924.3
-12924.3
-12924.2
-12924.2
-12924.2
-12924.1
-12924.1
-12924.1
-12924
-12924
-12923.9
-12923.9
-12923.8
-12923.8
-12923.7
-12923.7
-12923.6
-12923.5
-12923.5
-12923.4
-12923.4
-13532
-13532.1
-13532.3
-13532.5
-13532.6
-13532.6
-13532.7
-13532.8
-13532.8
-13532.8
-13532.9
-13532.9
-13532.9
-13533
-13533
-13533
-13533.1
-13533.1
-13533.1
-13533.1
-13533.2
-13533.2
-13533.2
-13533.2
-13533.2
-13533.3
-13533.3
-13533.3
-13533.3
-13533.3
-13533.3
-13533.3
-13533.4
-13533.4
-13533.4
-13533.4
-13533.4
-13533.4
-13533.4
-13533.4
-13533.4
-13533.4
-13533.4
-13533.4
-13533.4
-13533.5
-13533.5
-13533.5
-13533.5
-13533.5
-13533.5
-13533.5
-13533.5
-13533.5
-13533.5
-13533.5
-13533.5
-13533.5
-13533.5
-13533.5
-13533.5
-13533.5
-13533.5
-13533.5
-13533.5
-13533.5
-13533.5
-13533.5
-13533.5
-13533.5
-13533.5
-13533.5
-13533.5
-13533.5
-13533.5
-13533.5
-13533.5
-13533.5
-13533.5
-13533.5
-13533.5
-13533.5
-13533.5
-13533.5
-13533.5
-13533.5
-13533.5
-13533.5
-13533.5
-13533.5
-13533.5
-13533.5
-13533.5
-13533.5
-13533.5
-13533.5
-13533.5
-13533.5
-13533.5
-13533.5
-13533.5
-13533.5
-13533.5
-13533.5
-13533.5
-13533.5
-13533.5
-13533.5
-13533.5
-13533.5
-13533.5
-13533.5
-13533.5
-13533.5
-13533.5
-13533.5
-13533.5
-13533.5
-13533.5
-13533.5
-13533.5
-13533.5
-13533.5
-13533.5
-13533.5
-13533.5
-13533.5
-13533.5
-13533.5
-13533.5
-13533.5
-13533.5
-13533.5
-13533.5
-13533.5
-13533.5
-13533.5
-13533.5
-13533.5
-13533.5
-13533.5
-13533.5
-13533.5
-13533.5
-13533.5
-13533.5
-13533.5
-13533.5
-13533.5
-13533.5
-13533.5
-13533.5
-13533.5
-13533.5
-13533.5
-13533.5
-13533.5
-13533.5
-13533.5
-13533.5
-13533.5
-13533.5
-13533.5
-13533.5
-13533.5
-13533.5
-13533.5
-13533.5
-13533.5
-13533.5
-13533.5
-13533.5
-13533.5
-13533.5
-13533.5
-13533.5
-13533.5
-13533.5
-13533.5
-13533.5
-13533.5
-13533.5
-13533.5
-13533.5
-13533.5
-13533.5
-13533.5
-13533.5
-13533.5
-13533.5
-13533.5
-13533.5
-13533.5
-13533.5
-13533.5
-13533.5
-13533.5
-13533.5
-13533.5
-13533.5
-13533.5
-13533.5
-13533.5
-13533.5
-13533.5
-13533.5
-13533.5
-13533.5
-13533.5
-13533.5
-13533.5
-13533.5
-13533.5
-13533.5
-13533.5
-13533.5
-13533.5
-13533.5
-13533.5
-13533.5
-13533.5
-13533.5
-13533.5
-13533.5
-13533.5
-13533.5
-13533.5
-13533.5
-13533.5
-13533.5
-13533.5
-13533.5
-13533.5
-13533.5
-13533.5
-13533.5
-13533.5
-13533.5
-13533.5
-13533.5
-13533.5
-13533.5
-13533.5
-13533.5
-13533.5
-13533.5
-13533.5
-13533.5
-13533.5
-13533.5
-13533.5
-13533.5
-13533.5
-13533.5
-13533.5
-13533.5
-13533.5
-13533.5
-13533.5
-13533.5
-13533.5
-13533.5
-13533.5
-13533.5
-13533.5
-13533.5
-13533.5
-13533.5
-13533.5
-13533.5
-13533.5
-13533.5
-13533.5
-13533.5
-13533.5
-13533.5
-13533.5
-13533.5
-13533.5
-13533.5
-13533.5
-13533.5
-13533.5
-13533.5
-13533.5
-13533.5
-13533.5
-13533.5
-13533.5
-13533.5
-13533.5
-13533.5
-13533.5
-13533.5
-13533.5
-13533.5
-13533.5
-13533.5
-13533.5
-13533.5
-13533.5
-13533.5
-13533.5
-13533.5
-13533.5
-13533.5
-13533.5
-13533.5
-13533.5
-13533.5
-13533.5
-13533.5
-13533.5
-13533.5
-13533.5
-13533.5
-13533.5
-13533.5
-13533.5
-13533.5
-13533.5
-13533.5
-13533.5
-13533.5
-13533.5
-13533.5
-13533.5
-13533.5
-13533.5
-13533.5
-13533.5
-13533.5
-13533.5
-13533.5
-13533.5
-13533.5
-13533.5
-13533.5
-13533.5
-13533.5
-13533.5
-13533.5
-13533.5
-13533.5
-13533.5
-13533.5
-13533.5
-13533.5
-13533.5
-13533.5
-13533.5
-13533.4
-13533.4
-13533.4
-13533.4
-13533.4
-13533.4
-13533.4
-13533.4
-13533.4
-13533.4
-13533.4
-13533.4
-13533.3
-13533.3
-13533.3
-13533.3
-13533.3
-13533.3
-13533.3
-13533.2
-13533.2
-13533.2
-13533.2
-13533.1
-13533.1
-13533.1
-13533.1
-13533
-13533
-13533
-13532.9
-13532.9
-13532.9
-13532.8
-13532.8
-13532.8
-13532.7
-13532.7
-13532.6
-13532.6
-13532.5
-13532.5
-13532.4
-13532.3
-13532.3
-13532.2
-13532.1
-13532.1
-13532
-14111.3
-14111.2
-14111.4
-14111.5
-14111.6
-14111.6
-14111.7
-14111.7
-14111.8
-14111.8
-14111.8
-14111.9
-14111.9
-14111.9
-14112
-14112
-14112
-14112.1
-14112.1
-14112.1
-14112.1
-14112.1
-14112.2
-14112.2
-14112.2
-14112.2
-14112.2
-14112.3
-14112.3
-14112.3
-14112.3
-14112.3
-14112.3
-14112.3
-14112.3
-14112.4
-14112.4
-14112.4
-14112.4
-14112.4
-14112.4
-14112.4
-14112.4
-14112.4
-14112.4
-14112.4
-14112.4
-14112.4
-14112.4
-14112.4
-14112.4
-14112.4
-14112.5
-14112.5
-14112.5
-14112.5
-14112.5
-14112.5
-14112.5
-14112.5
-14112.5
-14112.5
-14112.5
-14112.5
-14112.5
-14112.5
-14112.5
-14112.5
-14112.5
-14112.5
-14112.5
-14112.5
-14112.5
-14112.5
-14112.5
-14112.5
-14112.5
-14112.5
-14112.5
-14112.5
-14112.5
-14112.5
-14112.5
-14112.5
-14112.5
-14112.5
-14112.5
-14112.5
-14112.5
-14112.5
-14112.5
-14112.5
-14112.5
-14112.5
-14112.5
-14112.5
-14112.5
-14112.5
-14112.5
-14112.5
-14112.5
-14112.5
-14112.5
-14112.5
-14112.5
-14112.5
-14112.5
-14112.5
-14112.5
-14112.5
-14112.5
-14112.5
-14112.5
-14112.5
-14112.5
-14112.5
-14112.5
-14112.5
-14112.5
-14112.5
-14112.5
-14112.5
-14112.5
-14112.5
-14112.5
-14112.5
-14112.5
-14112.5
-14112.5
-14112.5
-14112.5
-14112.5
-14112.5
-14112.5
-14112.5
-14112.5
-14112.5
-14112.5
-14112.5
-14112.5
-14112.5
-14112.5
-14112.5
-14112.5
-14112.5
-14112.5
-14112.5
-14112.5
-14112.5
-14112.5
-14112.5
-14112.5
-14112.5
-14112.5
-14112.5
-14112.5
-14112.5
-14112.5
-14112.5
-14112.5
-14112.5
-14112.5
-14112.5
-14112.5
-14112.5
-14112.5
-14112.5
-14112.5
-14112.5
-14112.5
-14112.5
-14112.5
-14112.5
-14112.5
-14112.5
-14112.5
-14112.5
-14112.5
-14112.5
-14112.5
-14112.5
-14112.5
-14112.5
-14112.5
-14112.5
-14112.5
-14112.5
-14112.5
-14112.5
-14112.5
-14112.5
-14112.5
-14112.5
-14112.5
-14112.5
-14112.5
-14112.5
-14112.5
-14112.5
-14112.5
-14112.5
-14112.5
-14112.5
-14112.5
-14112.5
-14112.5
-14112.5
-14112.5
-14112.5
-14112.5
-14112.5
-14112.5
-14112.5
-14112.5
-14112.5
-14112.5
-14112.5
-14112.5
-14112.5
-14112.5
-14112.5
-14112.5
-14112.5
-14112.5
-14112.5
-14112.5
-14112.5
-14112.5
-14112.5
-14112.5
-14112.5
-14112.5
-14112.5
-14112.5
-14112.5
-14112.5
-14112.5
-14112.5
-14112.5
-14112.5
-14112.5
-14112.5
-14112.5
-14112.5
-14112.5
-14112.5
-14112.5
-14112.5
-14112.5
-14112.5
-14112.5
-14112.5
-14112.5
-14112.5
-14112.5
-14112.5
-14112.5
-14112.5
-14112.5
-14112.5
-14112.5
-14112.5
-14112.5
-14112.5
-14112.5
-14112.5
-14112.5
-14112.5
-14112.5
-14112.5
-14112.5
-14112.5
-14112.5
-14112.5
-14112.5
-14112.5
-14112.5
-14112.5
-14112.5
-14112.5
-14112.5
-14112.5
-14112.5
-14112.5
-14112.5
-14112.5
-14112.5
-14112.5
-14112.5
-14112.5
-14112.5
-14112.5
-14112.5
-14112.5
-14112.5
-14112.5
-14112.5
-14112.5
-14112.5
-14112.5
-14112.5
-14112.5
-14112.5
-14112.5
-14112.5
-14112.5
-14112.5
-14112.5
-14112.5
-14112.5
-14112.5
-14112.5
-14112.5
-14112.5
-14112.5
-14112.5
-14112.5
-14112.5
-14112.5
-14112.5
-14112.5
-14112.5
-14112.5
-14112.5
-14112.5
-14112.5
-14112.5
-14112.5
-14112.5
-14112.5
-14112.5
-14112.5
-14112.5
-14112.5
-14112.5
-14112.5
-14112.5
-14112.5
-14112.5
-14112.5
-14112.5
-14112.5
-14112.5
-14112.5
-14112.4
-14112.4
-14112.4
-14112.4
-14112.4
-14112.4
-14112.4
-14112.4
-14112.4
-14112.4
-14112.4
-14112.4
-14112.4
-14112.4
-14112.4
-14112.4
-14112.3
-14112.3
-14112.3
-14112.3
-14112.3
-14112.3
-14112.3
-14112.3
-14112.2
-14112.2
-14112.2
-14112.2
-14112.2
-14112.1
-14112.1
-14112.1
-14112.1
-14112
-14112
-14112
-14111.9
-14111.9
-14111.9
-14111.8
-14111.8
-14111.7
-14111.7
-14111.6
-14111.6
-14111.5
-14111.5
-14111.4
-14111.4
-14111.3
-14111.3
-14111.2
-14111.1
-14111
-14110.9
-14110.9
-14660
-14659.9
-14659.9
-14660
-14660
-14660
-14660.1
-14660.1
-14660.2
-14660.2
-14660.2
-14660.3
-14660.3
-14660.3
-14660.4
-14660.4
-14660.4
-14660.4
-14660.5
-14660.5
-14660.5
-14660.5
-14660.5
-14660.6
-14660.6
-14660.6
-14660.6
-14660.6
-14660.7
-14660.7
-14660.7
-14660.7
-14660.7
-14660.7
-14660.7
-14660.7
-14660.8
-14660.8
-14660.8
-14660.8
-14660.8
-14660.8
-14660.8
-14660.8
-14660.8
-14660.8
-14660.8
-14660.8
-14660.8
-14660.8
-14660.8
-14660.8
-14660.8
-14660.8
-14660.9
-14660.9
-14660.9
-14660.9
-14660.9
-14660.9
-14660.9
-14660.9
-14660.9
-14660.9
-14660.9
-14660.9
-14660.9
-14660.9
-14660.9
-14660.9
-14660.9
-14660.9
-14660.9
-14660.9
-14660.9
-14660.9
-14660.9
-14660.9
-14660.9
-14660.9
-14660.9
-14660.9
-14660.9
-14660.9
-14660.9
-14660.9
-14660.9
-14660.9
-14660.9
-14660.9
-14660.9
-14660.9
-14660.9
-14660.9
-14660.9
-14660.9
-14660.9
-14660.9
-14660.9
-14660.9
-14660.9
-14660.9
-14660.9
-14660.9
-14660.9
-14660.9
-14660.9
-14660.9
-14660.9
-14660.9
-14660.9
-14660.9
-14660.9
-14660.9
-14660.9
-14660.9
-14660.9
-14660.9
-14660.9
-14660.9
-14660.9
-14660.9
-14660.9
-14660.9
-14660.9
-14660.9
-14660.9
-14660.9
-14660.9
-14660.9
-14660.9
-14660.9
-14660.9
-14660.9
-14660.9
-14660.9
-14660.9
-14660.9
-14660.9
-14660.9
-14660.9
-14660.9
-14660.9
-14660.9
-14660.9
-14660.9
-14660.9
-14660.9
-14660.9
-14660.9
-14660.9
-14660.9
-14660.9
-14660.9
-14660.9
-14660.9
-14660.9
-14660.9
-14660.9
-14660.9
-14660.9
-14660.9
-14660.9
-14660.9
-14660.9
-14660.9
-14660.9
-14660.9
-14660.9
-14660.9
-14660.9
-14660.9
-14660.9
-14660.9
-14660.9
-14660.9
-14660.9
-14660.9
-14660.9
-14660.9
-14660.9
-14660.9
-14660.9
-14660.9
-14660.9
-14660.9
-14660.9
-14660.9
-14660.9
-14660.9
-14660.9
-14660.9
-14660.9
-14660.9
-14660.9
-14660.9
-14660.9
-14660.9
-14660.9
-14660.9
-14660.9
-14660.9
-14660.9
-14660.9
-14660.9
-14660.9
-14660.9
-14660.9
-14660.9
-14660.9
-14660.9
-14660.9
-14660.9
-14660.9
-14660.9
-14660.9
-14660.9
-14660.9
-14660.9
-14660.9
-14660.9
-14660.9
-14660.9
-14660.9
-14660.9
-14660.9
-14660.9
-14660.9
-14660.9
-14660.9
-14660.9
-14660.9
-14660.9
-14660.9
-14660.9
-14660.9
-14660.9
-14660.9
-14660.9
-14660.9
-14660.9
-14660.9
-14660.9
-14660.9
-14660.9
-14660.9
-14660.9
-14660.9
-14660.9
-14660.9
-14660.9
-14660.9
-14660.9
-14660.9
-14660.9
-14660.9
-14660.9
-14660.9
-14660.9
-14660.9
-14660.9
-14660.9
-14660.9
-14660.9
-14660.9
-14660.9
-14660.9
-14660.9
-14660.9
-14660.9
-14660.9
-14660.9
-14660.9
-14660.9
-14660.9
-14660.9
-14660.9
-14660.9
-14660.9
-14660.9
-14660.9
-14660.9
-14660.9
-14660.9
-14660.9
-14660.9
-14660.9
-14660.9
-14660.9
-14660.9
-14660.9
-14660.9
-14660.9
-14660.9
-14660.9
-14660.9
-14660.9
-14660.9
-14660.9
-14660.9
-14660.9
-14660.9
-14660.9
-14660.9
-14660.9
-14660.9
-14660.9
-14660.9
-14660.9
-14660.9
-14660.9
-14660.9
-14660.9
-14660.9
-14660.9
-14660.9
-14660.9
-14660.9
-14660.9
-14660.9
-14660.9
-14660.9
-14660.9
-14660.9
-14660.9
-14660.9
-14660.9
-14660.9
-14660.9
-14660.9
-14660.9
-14660.9
-14660.9
-14660.9
-14660.9
-14660.9
-14660.9
-14660.9
-14660.9
-14660.9
-14660.9
-14660.9
-14660.8
-14660.8
-14660.8
-14660.8
-14660.8
-14660.8
-14660.8
-14660.8
-14660.8
-14660.8
-14660.8
-14660.8
-14660.8
-14660.8
-14660.8
-14660.8
-14660.8
-14660.7
-14660.7
-14660.7
-14660.7
-14660.7
-14660.7
-14660.7
-14660.7
-14660.6
-14660.6
-14660.6
-14660.6
-14660.6
-14660.5
-14660.5
-14660.5
-14660.5
-14660.4
-14660.4
-14660.4
-14660.3
-14660.3
-14660.3
-14660.2
-14660.2
-14660.1
-14660.1
-14660.1
-14660
-14660
-14659.9
-14659.8
-14659.8
-14659.7
-14659.7
-14659.6
-14659.5
-14659.4
-14659.4
-14659.3
-14659.2
)
;

boundaryField
{
    topWall
    {
        type            calculated;
        value           nonuniform List<scalar> 
400
(
-14926.6
-14926.6
-14926.6
-14926.6
-14926.6
-14926.7
-14926.7
-14926.7
-14926.8
-14926.8
-14926.8
-14926.9
-14926.9
-14926.9
-14926.9
-14927
-14927
-14927
-14927.1
-14927.1
-14927.1
-14927.1
-14927.1
-14927.2
-14927.2
-14927.2
-14927.2
-14927.2
-14927.3
-14927.3
-14927.3
-14927.3
-14927.3
-14927.3
-14927.3
-14927.3
-14927.4
-14927.4
-14927.4
-14927.4
-14927.4
-14927.4
-14927.4
-14927.4
-14927.4
-14927.4
-14927.4
-14927.4
-14927.4
-14927.4
-14927.4
-14927.4
-14927.4
-14927.4
-14927.4
-14927.5
-14927.5
-14927.5
-14927.5
-14927.5
-14927.5
-14927.5
-14927.5
-14927.5
-14927.5
-14927.5
-14927.5
-14927.5
-14927.5
-14927.5
-14927.5
-14927.5
-14927.5
-14927.5
-14927.5
-14927.5
-14927.5
-14927.5
-14927.5
-14927.5
-14927.5
-14927.5
-14927.5
-14927.5
-14927.5
-14927.5
-14927.5
-14927.5
-14927.5
-14927.5
-14927.5
-14927.5
-14927.5
-14927.5
-14927.5
-14927.5
-14927.5
-14927.5
-14927.5
-14927.5
-14927.5
-14927.5
-14927.5
-14927.5
-14927.5
-14927.5
-14927.5
-14927.5
-14927.5
-14927.5
-14927.5
-14927.5
-14927.5
-14927.5
-14927.5
-14927.5
-14927.5
-14927.5
-14927.5
-14927.5
-14927.5
-14927.5
-14927.5
-14927.5
-14927.5
-14927.5
-14927.5
-14927.5
-14927.5
-14927.5
-14927.5
-14927.5
-14927.5
-14927.5
-14927.5
-14927.5
-14927.5
-14927.5
-14927.5
-14927.5
-14927.5
-14927.5
-14927.5
-14927.5
-14927.5
-14927.5
-14927.5
-14927.5
-14927.5
-14927.5
-14927.5
-14927.5
-14927.5
-14927.5
-14927.5
-14927.5
-14927.5
-14927.5
-14927.5
-14927.5
-14927.5
-14927.5
-14927.5
-14927.5
-14927.5
-14927.5
-14927.5
-14927.5
-14927.5
-14927.5
-14927.5
-14927.5
-14927.5
-14927.5
-14927.5
-14927.5
-14927.5
-14927.5
-14927.5
-14927.5
-14927.5
-14927.5
-14927.5
-14927.5
-14927.5
-14927.5
-14927.5
-14927.5
-14927.5
-14927.5
-14927.5
-14927.5
-14927.5
-14927.5
-14927.5
-14927.5
-14927.5
-14927.5
-14927.5
-14927.5
-14927.5
-14927.5
-14927.5
-14927.5
-14927.5
-14927.5
-14927.5
-14927.5
-14927.5
-14927.5
-14927.5
-14927.5
-14927.5
-14927.5
-14927.5
-14927.5
-14927.5
-14927.5
-14927.5
-14927.5
-14927.5
-14927.5
-14927.5
-14927.5
-14927.5
-14927.5
-14927.5
-14927.5
-14927.5
-14927.5
-14927.5
-14927.5
-14927.5
-14927.5
-14927.5
-14927.5
-14927.5
-14927.5
-14927.5
-14927.5
-14927.5
-14927.5
-14927.5
-14927.5
-14927.5
-14927.5
-14927.5
-14927.5
-14927.5
-14927.5
-14927.5
-14927.5
-14927.5
-14927.5
-14927.5
-14927.5
-14927.5
-14927.5
-14927.5
-14927.5
-14927.5
-14927.5
-14927.5
-14927.5
-14927.5
-14927.5
-14927.5
-14927.5
-14927.5
-14927.5
-14927.5
-14927.5
-14927.5
-14927.5
-14927.5
-14927.5
-14927.5
-14927.5
-14927.5
-14927.5
-14927.5
-14927.5
-14927.5
-14927.5
-14927.5
-14927.5
-14927.5
-14927.5
-14927.5
-14927.5
-14927.5
-14927.5
-14927.5
-14927.5
-14927.5
-14927.5
-14927.5
-14927.5
-14927.5
-14927.5
-14927.5
-14927.5
-14927.5
-14927.5
-14927.5
-14927.5
-14927.5
-14927.5
-14927.5
-14927.5
-14927.5
-14927.5
-14927.5
-14927.5
-14927.5
-14927.5
-14927.5
-14927.5
-14927.5
-14927.5
-14927.5
-14927.5
-14927.5
-14927.5
-14927.5
-14927.5
-14927.5
-14927.5
-14927.5
-14927.5
-14927.5
-14927.5
-14927.5
-14927.5
-14927.5
-14927.5
-14927.5
-14927.5
-14927.5
-14927.5
-14927.5
-14927.5
-14927.4
-14927.4
-14927.4
-14927.4
-14927.4
-14927.4
-14927.4
-14927.4
-14927.4
-14927.4
-14927.4
-14927.4
-14927.4
-14927.4
-14927.4
-14927.4
-14927.4
-14927.3
-14927.3
-14927.3
-14927.3
-14927.3
-14927.3
-14927.3
-14927.3
-14927.2
-14927.2
-14927.2
-14927.2
-14927.2
-14927.1
-14927.1
-14927.1
-14927.1
-14927
-14927
-14927
-14926.9
-14926.9
-14926.9
-14926.8
-14926.8
-14926.7
-14926.7
-14926.6
-14926.6
-14926.5
-14926.5
-14926.4
-14926.4
-14926.3
-14926.2
-14926.2
-14926.1
-14926
-14925.9
-14925.9
-14925.9
)
;
    }
    leftAndRightWalls
    {
        type            calculated;
        value           nonuniform List<scalar> 
40
(
-432.899
-1296.95
-2158.27
-3015.78
-3866.73
-4709.29
-5541.65
-6362.01
-7168.59
-7959.64
-8733.45
-9488.35
-10222.7
-10934.9
-11623.4
-12286.7
-12923.4
-13532
-14111.3
-14660
-432.934
-1297.67
-2159.46
-3016.66
-3867.4
-4709.82
-5542.07
-6362.34
-7168.84
-7959.83
-8733.58
-9488.43
-10222.7
-10934.9
-11623.4
-12286.7
-12923.4
-13532
-14110.9
-14659.2
)
;
    }
    axis
    {
        type            symmetryPlane;
        value           uniform 0;
    }
    frontAndBack
    {
        type            empty;
    }
    solidInterface
    {
        type            calculated;
        value           nonuniform 0();
    }
}


// ************************************************************************* //
