/*--------------------------------*- C++ -*----------------------------------*\
| =========                 |                                                 |
| \\      /  F ield         | foam-extend: Open Source CFD                    |
|  \\    /   O peration     | Version:     4.0                                |
|   \\  /    A nd           | Web:         http://www.foam-extend.org         |
|    \\/     M anipulation  |                                                 |
\*---------------------------------------------------------------------------*/
FoamFile
{
    version     2.0;
    format      ascii;
    class       volScalarField;
    location    "114";
    object      T;
}
// * * * * * * * * * * * * * * * * * * * * * * * * * * * * * * * * * * * * * //

dimensions      [0 0 0 1 0 0 0];

internalField   nonuniform List<scalar> 
8000
(
99.9633
99.9633
99.9637
99.9641
99.9644
99.9648
99.9651
99.9654
99.9657
99.9659
99.9662
99.9665
99.9667
99.9669
99.9671
99.9674
99.9676
99.9678
99.9679
99.9681
99.9683
99.9684
99.9686
99.9687
99.9689
99.969
99.9691
99.9692
99.9693
99.9694
99.9695
99.9696
99.9697
99.9698
99.9699
99.9699
99.97
99.9701
99.9701
99.9702
99.9702
99.9703
99.9703
99.9704
99.9704
99.9704
99.9705
99.9705
99.9705
99.9706
99.9706
99.9706
99.9706
99.9706
99.9707
99.9707
99.9707
99.9707
99.9707
99.9707
99.9707
99.9707
99.9708
99.9708
99.9708
99.9708
99.9708
99.9708
99.9708
99.9708
99.9708
99.9708
99.9708
99.9708
99.9708
99.9708
99.9708
99.9708
99.9708
99.9708
99.9708
99.9708
99.9708
99.9708
99.9708
99.9708
99.9708
99.9708
99.9708
99.9708
99.9708
99.9708
99.9708
99.9708
99.9708
99.9708
99.9708
99.9708
99.9708
99.9708
99.9708
99.9708
99.9708
99.9708
99.9708
99.9708
99.9708
99.9708
99.9708
99.9708
99.9708
99.9708
99.9708
99.9708
99.9708
99.9708
99.9708
99.9708
99.9708
99.9708
99.9708
99.9708
99.9708
99.9708
99.9708
99.9708
99.9708
99.9708
99.9708
99.9708
99.9708
99.9708
99.9708
99.9708
99.9708
99.9708
99.9708
99.9708
99.9708
99.9708
99.9708
99.9708
99.9708
99.9708
99.9708
99.9708
99.9708
99.9708
99.9708
99.9708
99.9708
99.9708
99.9708
99.9708
99.9708
99.9708
99.9708
99.9708
99.9708
99.9708
99.9708
99.9708
99.9708
99.9708
99.9708
99.9708
99.9708
99.9708
99.9708
99.9708
99.9708
99.9708
99.9708
99.9708
99.9708
99.9708
99.9708
99.9708
99.9708
99.9708
99.9708
99.9708
99.9708
99.9708
99.9708
99.9708
99.9708
99.9708
99.9708
99.9708
99.9708
99.9708
99.9708
99.9708
99.9708
99.9708
99.9708
99.9708
99.9708
99.9708
99.9708
99.9708
99.9708
99.9708
99.9708
99.9708
99.9708
99.9708
99.9708
99.9708
99.9708
99.9708
99.9708
99.9708
99.9708
99.9708
99.9708
99.9708
99.9708
99.9708
99.9708
99.9708
99.9708
99.9708
99.9708
99.9708
99.9708
99.9708
99.9708
99.9708
99.9708
99.9708
99.9708
99.9708
99.9708
99.9708
99.9708
99.9708
99.9708
99.9708
99.9708
99.9708
99.9708
99.9708
99.9708
99.9708
99.9708
99.9708
99.9708
99.9708
99.9708
99.9708
99.9708
99.9708
99.9708
99.9708
99.9708
99.9708
99.9708
99.9708
99.9708
99.9708
99.9708
99.9708
99.9708
99.9708
99.9708
99.9708
99.9708
99.9708
99.9708
99.9708
99.9708
99.9708
99.9708
99.9708
99.9708
99.9708
99.9708
99.9708
99.9708
99.9708
99.9708
99.9708
99.9708
99.9708
99.9708
99.9708
99.9708
99.9708
99.9708
99.9708
99.9708
99.9708
99.9708
99.9708
99.9708
99.9708
99.9708
99.9708
99.9708
99.9708
99.9708
99.9708
99.9708
99.9708
99.9708
99.9708
99.9708
99.9708
99.9708
99.9708
99.9708
99.9708
99.9708
99.9708
99.9708
99.9708
99.9708
99.9708
99.9708
99.9708
99.9708
99.9708
99.9708
99.9708
99.9708
99.9708
99.9708
99.9708
99.9708
99.9708
99.9708
99.9708
99.9707
99.9707
99.9707
99.9707
99.9707
99.9707
99.9707
99.9707
99.9706
99.9706
99.9706
99.9706
99.9706
99.9705
99.9705
99.9705
99.9704
99.9704
99.9703
99.9703
99.9703
99.9702
99.9702
99.9701
99.97
99.97
99.9699
99.9698
99.9697
99.9696
99.9695
99.9694
99.9693
99.9692
99.9691
99.969
99.9688
99.9687
99.9685
99.9684
99.9682
99.968
99.9678
99.9676
99.9674
99.9672
99.967
99.9667
99.9665
99.9662
99.9659
99.9657
99.9654
99.9651
99.9648
99.9644
99.9641
99.9638
99.9634
99.9631
99.9627
99.9624
99.9621
99.9618
99.9617
99.9616
99.7468
99.7469
99.7473
99.7476
99.748
99.7483
99.7486
99.7489
99.7492
99.7495
99.7497
99.75
99.7502
99.7505
99.7507
99.7509
99.7511
99.7513
99.7515
99.7516
99.7518
99.752
99.7521
99.7522
99.7524
99.7525
99.7526
99.7527
99.7529
99.753
99.7531
99.7531
99.7532
99.7533
99.7534
99.7535
99.7535
99.7536
99.7536
99.7537
99.7537
99.7538
99.7538
99.7539
99.7539
99.754
99.754
99.754
99.754
99.7541
99.7541
99.7541
99.7541
99.7542
99.7542
99.7542
99.7542
99.7542
99.7542
99.7542
99.7543
99.7543
99.7543
99.7543
99.7543
99.7543
99.7543
99.7543
99.7543
99.7543
99.7543
99.7543
99.7543
99.7543
99.7543
99.7543
99.7543
99.7543
99.7543
99.7543
99.7543
99.7543
99.7543
99.7543
99.7543
99.7543
99.7543
99.7543
99.7543
99.7543
99.7543
99.7543
99.7543
99.7543
99.7543
99.7543
99.7543
99.7543
99.7543
99.7543
99.7543
99.7543
99.7543
99.7543
99.7543
99.7543
99.7543
99.7543
99.7543
99.7543
99.7543
99.7543
99.7543
99.7543
99.7543
99.7543
99.7543
99.7543
99.7543
99.7543
99.7543
99.7543
99.7543
99.7543
99.7543
99.7543
99.7543
99.7543
99.7543
99.7543
99.7543
99.7543
99.7543
99.7543
99.7543
99.7543
99.7543
99.7543
99.7543
99.7543
99.7543
99.7543
99.7543
99.7543
99.7543
99.7543
99.7543
99.7543
99.7543
99.7543
99.7543
99.7543
99.7543
99.7543
99.7543
99.7543
99.7543
99.7543
99.7543
99.7543
99.7543
99.7543
99.7543
99.7543
99.7543
99.7543
99.7543
99.7543
99.7543
99.7543
99.7543
99.7543
99.7543
99.7543
99.7543
99.7543
99.7543
99.7543
99.7543
99.7543
99.7543
99.7543
99.7543
99.7543
99.7543
99.7543
99.7543
99.7543
99.7543
99.7543
99.7543
99.7543
99.7543
99.7543
99.7543
99.7543
99.7543
99.7543
99.7543
99.7543
99.7543
99.7543
99.7543
99.7543
99.7543
99.7543
99.7543
99.7543
99.7543
99.7543
99.7543
99.7543
99.7543
99.7543
99.7543
99.7543
99.7543
99.7543
99.7543
99.7543
99.7543
99.7543
99.7543
99.7543
99.7543
99.7543
99.7543
99.7543
99.7543
99.7543
99.7543
99.7543
99.7543
99.7543
99.7543
99.7543
99.7543
99.7543
99.7543
99.7543
99.7543
99.7543
99.7543
99.7543
99.7543
99.7543
99.7543
99.7543
99.7543
99.7543
99.7543
99.7543
99.7543
99.7543
99.7543
99.7543
99.7543
99.7543
99.7543
99.7543
99.7543
99.7543
99.7543
99.7543
99.7543
99.7543
99.7543
99.7543
99.7543
99.7543
99.7543
99.7543
99.7543
99.7543
99.7543
99.7543
99.7543
99.7543
99.7543
99.7543
99.7543
99.7543
99.7543
99.7543
99.7543
99.7543
99.7543
99.7543
99.7543
99.7543
99.7543
99.7543
99.7543
99.7543
99.7543
99.7543
99.7543
99.7543
99.7543
99.7543
99.7543
99.7543
99.7543
99.7543
99.7543
99.7543
99.7543
99.7543
99.7543
99.7543
99.7543
99.7543
99.7543
99.7543
99.7543
99.7543
99.7543
99.7543
99.7543
99.7543
99.7543
99.7543
99.7543
99.7543
99.7543
99.7543
99.7543
99.7543
99.7543
99.7543
99.7543
99.7543
99.7543
99.7543
99.7543
99.7543
99.7542
99.7542
99.7542
99.7542
99.7542
99.7542
99.7542
99.7541
99.7541
99.7541
99.7541
99.754
99.754
99.754
99.7539
99.7539
99.7539
99.7538
99.7538
99.7537
99.7537
99.7536
99.7536
99.7535
99.7534
99.7533
99.7532
99.7532
99.7531
99.753
99.7529
99.7527
99.7526
99.7525
99.7523
99.7522
99.7521
99.7519
99.7517
99.7515
99.7513
99.7512
99.7509
99.7507
99.7505
99.7503
99.75
99.7497
99.7495
99.7492
99.7489
99.7486
99.7483
99.748
99.7476
99.7473
99.747
99.7466
99.7463
99.7459
99.7456
99.7453
99.7451
99.7451
99.3148
99.3148
99.3152
99.3156
99.3159
99.3162
99.3165
99.3168
99.3171
99.3174
99.3177
99.3179
99.3181
99.3184
99.3186
99.3188
99.319
99.3192
99.3194
99.3195
99.3197
99.3199
99.32
99.3201
99.3203
99.3204
99.3205
99.3206
99.3207
99.3208
99.3209
99.321
99.3211
99.3212
99.3213
99.3213
99.3214
99.3215
99.3215
99.3216
99.3216
99.3217
99.3217
99.3218
99.3218
99.3218
99.3219
99.3219
99.3219
99.322
99.322
99.322
99.322
99.322
99.3221
99.3221
99.3221
99.3221
99.3221
99.3221
99.3221
99.3222
99.3222
99.3222
99.3222
99.3222
99.3222
99.3222
99.3222
99.3222
99.3222
99.3222
99.3222
99.3222
99.3222
99.3222
99.3222
99.3222
99.3222
99.3222
99.3222
99.3222
99.3222
99.3222
99.3222
99.3222
99.3222
99.3222
99.3222
99.3222
99.3222
99.3222
99.3222
99.3222
99.3222
99.3222
99.3222
99.3222
99.3222
99.3222
99.3222
99.3222
99.3222
99.3222
99.3222
99.3222
99.3222
99.3222
99.3222
99.3222
99.3222
99.3222
99.3222
99.3222
99.3222
99.3222
99.3222
99.3222
99.3222
99.3222
99.3222
99.3222
99.3222
99.3222
99.3222
99.3222
99.3222
99.3222
99.3222
99.3222
99.3222
99.3222
99.3222
99.3222
99.3222
99.3222
99.3222
99.3222
99.3222
99.3222
99.3222
99.3222
99.3222
99.3222
99.3222
99.3222
99.3222
99.3222
99.3222
99.3222
99.3222
99.3222
99.3222
99.3222
99.3222
99.3222
99.3222
99.3222
99.3222
99.3222
99.3222
99.3222
99.3222
99.3222
99.3222
99.3222
99.3222
99.3222
99.3222
99.3222
99.3222
99.3222
99.3222
99.3222
99.3222
99.3222
99.3222
99.3222
99.3222
99.3222
99.3222
99.3222
99.3222
99.3222
99.3222
99.3222
99.3222
99.3222
99.3222
99.3222
99.3222
99.3222
99.3222
99.3222
99.3222
99.3222
99.3222
99.3222
99.3222
99.3222
99.3222
99.3222
99.3222
99.3222
99.3222
99.3222
99.3222
99.3222
99.3222
99.3222
99.3222
99.3222
99.3222
99.3222
99.3222
99.3222
99.3222
99.3222
99.3222
99.3222
99.3222
99.3222
99.3222
99.3222
99.3222
99.3222
99.3222
99.3222
99.3222
99.3222
99.3222
99.3222
99.3222
99.3222
99.3222
99.3222
99.3222
99.3222
99.3222
99.3222
99.3222
99.3222
99.3222
99.3222
99.3222
99.3222
99.3222
99.3222
99.3222
99.3222
99.3222
99.3222
99.3222
99.3222
99.3222
99.3222
99.3222
99.3222
99.3222
99.3222
99.3222
99.3222
99.3222
99.3222
99.3222
99.3222
99.3222
99.3222
99.3222
99.3222
99.3222
99.3222
99.3222
99.3222
99.3222
99.3222
99.3222
99.3222
99.3222
99.3222
99.3222
99.3222
99.3222
99.3222
99.3222
99.3222
99.3222
99.3222
99.3222
99.3222
99.3222
99.3222
99.3222
99.3222
99.3222
99.3222
99.3222
99.3222
99.3222
99.3222
99.3222
99.3222
99.3222
99.3222
99.3222
99.3222
99.3222
99.3222
99.3222
99.3222
99.3222
99.3222
99.3222
99.3222
99.3222
99.3222
99.3222
99.3222
99.3222
99.3222
99.3222
99.3222
99.3222
99.3222
99.3222
99.3222
99.3222
99.3222
99.3222
99.3222
99.3222
99.3222
99.3222
99.3222
99.3222
99.3221
99.3221
99.3221
99.3221
99.3221
99.3221
99.3221
99.3221
99.322
99.322
99.322
99.322
99.3219
99.3219
99.3219
99.3218
99.3218
99.3218
99.3217
99.3217
99.3216
99.3216
99.3215
99.3214
99.3214
99.3213
99.3212
99.3211
99.3211
99.321
99.3209
99.3207
99.3206
99.3205
99.3204
99.3202
99.3201
99.3199
99.3198
99.3196
99.3194
99.3192
99.3191
99.3188
99.3186
99.3184
99.3182
99.3179
99.3176
99.3174
99.3171
99.3168
99.3165
99.3162
99.3159
99.3155
99.3152
99.3148
99.3145
99.3141
99.3138
99.3134
99.3131
99.3127
99.3127
98.6677
98.6677
98.6681
98.6684
98.6688
98.6691
98.6694
98.6697
98.67
98.6702
98.6705
98.6707
98.671
98.6712
98.6714
98.6716
98.6718
98.672
98.6722
98.6724
98.6725
98.6727
98.6728
98.673
98.6731
98.6732
98.6733
98.6734
98.6736
98.6737
98.6738
98.6738
98.6739
98.674
98.6741
98.6741
98.6742
98.6743
98.6743
98.6744
98.6744
98.6745
98.6745
98.6746
98.6746
98.6746
98.6747
98.6747
98.6747
98.6748
98.6748
98.6748
98.6748
98.6748
98.6749
98.6749
98.6749
98.6749
98.6749
98.6749
98.6749
98.6749
98.675
98.675
98.675
98.675
98.675
98.675
98.675
98.675
98.675
98.675
98.675
98.675
98.675
98.675
98.675
98.675
98.675
98.675
98.675
98.675
98.675
98.675
98.675
98.675
98.675
98.675
98.675
98.675
98.675
98.675
98.675
98.675
98.675
98.675
98.675
98.675
98.675
98.675
98.675
98.675
98.675
98.675
98.675
98.675
98.675
98.675
98.675
98.675
98.675
98.675
98.675
98.675
98.675
98.675
98.675
98.675
98.675
98.675
98.675
98.675
98.675
98.675
98.675
98.675
98.675
98.675
98.675
98.675
98.675
98.675
98.675
98.675
98.675
98.675
98.675
98.675
98.675
98.675
98.675
98.675
98.675
98.675
98.675
98.675
98.675
98.675
98.675
98.675
98.675
98.675
98.675
98.675
98.675
98.675
98.675
98.675
98.675
98.675
98.675
98.675
98.675
98.675
98.675
98.675
98.675
98.675
98.675
98.675
98.675
98.675
98.675
98.675
98.675
98.675
98.675
98.675
98.675
98.675
98.675
98.675
98.675
98.675
98.675
98.675
98.675
98.675
98.675
98.675
98.675
98.675
98.675
98.675
98.675
98.675
98.675
98.675
98.675
98.675
98.675
98.675
98.675
98.675
98.675
98.675
98.675
98.675
98.675
98.675
98.675
98.675
98.675
98.675
98.675
98.675
98.675
98.675
98.675
98.675
98.675
98.675
98.675
98.675
98.675
98.675
98.675
98.675
98.675
98.675
98.675
98.675
98.675
98.675
98.675
98.675
98.675
98.675
98.675
98.675
98.675
98.675
98.675
98.675
98.675
98.675
98.675
98.675
98.675
98.675
98.675
98.675
98.675
98.675
98.675
98.675
98.675
98.675
98.675
98.675
98.675
98.675
98.675
98.675
98.675
98.675
98.675
98.675
98.675
98.675
98.675
98.675
98.675
98.675
98.675
98.675
98.675
98.675
98.675
98.675
98.675
98.675
98.675
98.675
98.675
98.675
98.675
98.675
98.675
98.675
98.675
98.675
98.675
98.675
98.675
98.675
98.675
98.675
98.675
98.675
98.675
98.675
98.675
98.675
98.675
98.675
98.675
98.675
98.675
98.675
98.675
98.675
98.675
98.675
98.675
98.675
98.675
98.675
98.675
98.675
98.675
98.675
98.675
98.675
98.675
98.675
98.675
98.675
98.675
98.675
98.675
98.675
98.675
98.675
98.675
98.6749
98.6749
98.6749
98.6749
98.6749
98.6749
98.6749
98.6749
98.6748
98.6748
98.6748
98.6748
98.6747
98.6747
98.6747
98.6746
98.6746
98.6746
98.6745
98.6745
98.6744
98.6744
98.6743
98.6742
98.6742
98.6741
98.674
98.6739
98.6739
98.6738
98.6737
98.6736
98.6734
98.6733
98.6732
98.6731
98.6729
98.6728
98.6726
98.6724
98.6723
98.6721
98.6719
98.6717
98.6714
98.6712
98.671
98.6707
98.6705
98.6702
98.6699
98.6696
98.6693
98.669
98.6687
98.6684
98.668
98.6677
98.6673
98.6669
98.6666
98.6662
98.6658
98.6654
98.6654
97.8069
97.8069
97.8073
97.8076
97.808
97.8083
97.8086
97.8089
97.8091
97.8094
97.8097
97.8099
97.8101
97.8104
97.8106
97.8108
97.811
97.8111
97.8113
97.8115
97.8117
97.8118
97.812
97.8121
97.8122
97.8123
97.8125
97.8126
97.8127
97.8128
97.8129
97.813
97.8131
97.8131
97.8132
97.8133
97.8133
97.8134
97.8135
97.8135
97.8136
97.8136
97.8137
97.8137
97.8137
97.8138
97.8138
97.8138
97.8139
97.8139
97.8139
97.8139
97.8139
97.814
97.814
97.814
97.814
97.814
97.814
97.814
97.8141
97.8141
97.8141
97.8141
97.8141
97.8141
97.8141
97.8141
97.8141
97.8141
97.8141
97.8141
97.8141
97.8141
97.8141
97.8141
97.8141
97.8141
97.8141
97.8141
97.8141
97.8141
97.8141
97.8141
97.8141
97.8141
97.8141
97.8141
97.8141
97.8141
97.8141
97.8141
97.8141
97.8141
97.8141
97.8141
97.8141
97.8141
97.8141
97.8141
97.8141
97.8142
97.8142
97.8142
97.8142
97.8142
97.8142
97.8142
97.8142
97.8142
97.8142
97.8142
97.8142
97.8142
97.8142
97.8142
97.8142
97.8142
97.8142
97.8142
97.8142
97.8142
97.8142
97.8142
97.8142
97.8142
97.8142
97.8142
97.8142
97.8142
97.8142
97.8142
97.8142
97.8142
97.8142
97.8142
97.8142
97.8142
97.8142
97.8142
97.8142
97.8142
97.8142
97.8142
97.8142
97.8142
97.8142
97.8142
97.8142
97.8142
97.8142
97.8142
97.8142
97.8142
97.8142
97.8142
97.8142
97.8142
97.8142
97.8142
97.8142
97.8142
97.8142
97.8142
97.8142
97.8142
97.8142
97.8142
97.8142
97.8142
97.8142
97.8142
97.8142
97.8142
97.8142
97.8142
97.8142
97.8142
97.8142
97.8142
97.8142
97.8142
97.8142
97.8142
97.8142
97.8142
97.8142
97.8142
97.8142
97.8142
97.8142
97.8142
97.8142
97.8142
97.8142
97.8142
97.8142
97.8142
97.8142
97.8142
97.8142
97.8142
97.8142
97.8142
97.8142
97.8142
97.8142
97.8142
97.8142
97.8142
97.8142
97.8142
97.8142
97.8142
97.8142
97.8142
97.8142
97.8142
97.8142
97.8142
97.8142
97.8142
97.8142
97.8142
97.8142
97.8142
97.8142
97.8142
97.8142
97.8142
97.8142
97.8142
97.8142
97.8142
97.8142
97.8142
97.8142
97.8142
97.8142
97.8142
97.8142
97.8142
97.8142
97.8142
97.8142
97.8142
97.8142
97.8142
97.8142
97.8142
97.8142
97.8142
97.8142
97.8142
97.8142
97.8142
97.8142
97.8142
97.8142
97.8142
97.8142
97.8142
97.8142
97.8142
97.8142
97.8142
97.8142
97.8142
97.8142
97.8142
97.8142
97.8142
97.8142
97.8142
97.8142
97.8142
97.8142
97.8142
97.8142
97.8142
97.8142
97.8142
97.8142
97.8142
97.8142
97.8142
97.8142
97.8142
97.8142
97.8142
97.8142
97.8142
97.8142
97.8142
97.8142
97.8142
97.8142
97.8141
97.8141
97.8141
97.8141
97.8141
97.8141
97.8141
97.8141
97.8141
97.8141
97.8141
97.8141
97.8141
97.8141
97.8141
97.8141
97.8141
97.8141
97.8141
97.8141
97.8141
97.8141
97.8141
97.8141
97.8141
97.8141
97.8141
97.8141
97.8141
97.8141
97.8141
97.8141
97.8141
97.8141
97.8141
97.8141
97.8141
97.8141
97.8141
97.8141
97.814
97.814
97.814
97.814
97.814
97.814
97.8139
97.8139
97.8139
97.8139
97.8139
97.8138
97.8138
97.8138
97.8137
97.8137
97.8136
97.8136
97.8135
97.8135
97.8134
97.8134
97.8133
97.8132
97.8132
97.8131
97.813
97.8129
97.8128
97.8127
97.8126
97.8125
97.8123
97.8122
97.812
97.8119
97.8117
97.8116
97.8114
97.8112
97.811
97.8108
97.8106
97.8104
97.8101
97.8099
97.8096
97.8094
97.8091
97.8088
97.8085
97.8082
97.8078
97.8075
97.8072
97.8068
97.8064
97.8061
97.8057
97.8053
97.8048
97.8044
97.8044
96.7343
96.7343
96.7347
96.735
96.7353
96.7356
96.7359
96.7362
96.7365
96.7368
96.737
96.7372
96.7375
96.7377
96.7379
96.7381
96.7383
96.7385
96.7387
96.7388
96.739
96.7391
96.7393
96.7394
96.7395
96.7397
96.7398
96.7399
96.74
96.7401
96.7402
96.7403
96.7404
96.7404
96.7405
96.7406
96.7406
96.7407
96.7408
96.7408
96.7409
96.7409
96.741
96.741
96.741
96.7411
96.7411
96.7411
96.7412
96.7412
96.7412
96.7412
96.7412
96.7413
96.7413
96.7413
96.7413
96.7413
96.7413
96.7413
96.7414
96.7414
96.7414
96.7414
96.7414
96.7414
96.7414
96.7414
96.7414
96.7414
96.7414
96.7414
96.7414
96.7414
96.7414
96.7414
96.7414
96.7414
96.7414
96.7414
96.7414
96.7414
96.7414
96.7414
96.7414
96.7414
96.7414
96.7414
96.7414
96.7414
96.7414
96.7414
96.7414
96.7414
96.7414
96.7414
96.7414
96.7414
96.7414
96.7414
96.7414
96.7414
96.7414
96.7414
96.7414
96.7414
96.7414
96.7414
96.7414
96.7414
96.7414
96.7414
96.7414
96.7414
96.7414
96.7414
96.7414
96.7414
96.7414
96.7414
96.7414
96.7414
96.7414
96.7414
96.7414
96.7414
96.7414
96.7414
96.7414
96.7414
96.7414
96.7414
96.7414
96.7414
96.7414
96.7414
96.7414
96.7414
96.7414
96.7414
96.7414
96.7414
96.7414
96.7414
96.7414
96.7414
96.7414
96.7414
96.7414
96.7414
96.7414
96.7414
96.7414
96.7414
96.7414
96.7414
96.7414
96.7414
96.7414
96.7414
96.7414
96.7414
96.7414
96.7414
96.7414
96.7414
96.7414
96.7414
96.7414
96.7414
96.7414
96.7414
96.7414
96.7414
96.7414
96.7414
96.7414
96.7414
96.7414
96.7414
96.7414
96.7414
96.7414
96.7414
96.7414
96.7414
96.7414
96.7414
96.7414
96.7414
96.7414
96.7414
96.7414
96.7414
96.7414
96.7414
96.7414
96.7414
96.7414
96.7414
96.7414
96.7414
96.7414
96.7414
96.7414
96.7414
96.7414
96.7414
96.7414
96.7414
96.7414
96.7414
96.7414
96.7414
96.7414
96.7414
96.7414
96.7414
96.7414
96.7414
96.7414
96.7414
96.7414
96.7414
96.7414
96.7414
96.7414
96.7414
96.7414
96.7414
96.7414
96.7414
96.7414
96.7414
96.7414
96.7414
96.7414
96.7414
96.7414
96.7414
96.7414
96.7414
96.7414
96.7414
96.7414
96.7414
96.7414
96.7414
96.7414
96.7414
96.7414
96.7414
96.7414
96.7414
96.7414
96.7414
96.7414
96.7414
96.7414
96.7414
96.7414
96.7414
96.7414
96.7414
96.7414
96.7414
96.7414
96.7414
96.7414
96.7414
96.7414
96.7414
96.7414
96.7414
96.7414
96.7414
96.7414
96.7414
96.7414
96.7414
96.7414
96.7414
96.7414
96.7414
96.7414
96.7414
96.7414
96.7414
96.7414
96.7414
96.7414
96.7414
96.7414
96.7414
96.7414
96.7414
96.7414
96.7414
96.7414
96.7414
96.7414
96.7414
96.7414
96.7414
96.7414
96.7414
96.7414
96.7414
96.7414
96.7414
96.7414
96.7414
96.7414
96.7414
96.7414
96.7414
96.7414
96.7414
96.7414
96.7414
96.7414
96.7414
96.7414
96.7414
96.7414
96.7414
96.7414
96.7414
96.7414
96.7414
96.7414
96.7414
96.7414
96.7414
96.7414
96.7414
96.7414
96.7413
96.7413
96.7413
96.7413
96.7413
96.7413
96.7412
96.7412
96.7412
96.7412
96.7412
96.7411
96.7411
96.7411
96.741
96.741
96.7409
96.7409
96.7408
96.7408
96.7407
96.7407
96.7406
96.7405
96.7405
96.7404
96.7403
96.7402
96.7401
96.74
96.7399
96.7398
96.7396
96.7395
96.7394
96.7392
96.7391
96.7389
96.7387
96.7385
96.7383
96.7381
96.7379
96.7377
96.7375
96.7372
96.737
96.7367
96.7364
96.7361
96.7358
96.7355
96.7352
96.7349
96.7345
96.7342
96.7338
96.7334
96.733
96.7326
96.7321
96.7317
96.7317
95.4523
95.4523
95.4526
95.4529
95.4533
95.4536
95.4538
95.4541
95.4544
95.4546
95.4549
95.4551
95.4553
95.4556
95.4558
95.456
95.4561
95.4563
95.4565
95.4567
95.4568
95.457
95.4571
95.4572
95.4574
95.4575
95.4576
95.4577
95.4578
95.4579
95.458
95.4581
95.4582
95.4583
95.4583
95.4584
95.4585
95.4585
95.4586
95.4586
95.4587
95.4587
95.4588
95.4588
95.4588
95.4589
95.4589
95.4589
95.459
95.459
95.459
95.459
95.4591
95.4591
95.4591
95.4591
95.4591
95.4591
95.4591
95.4592
95.4592
95.4592
95.4592
95.4592
95.4592
95.4592
95.4592
95.4592
95.4592
95.4592
95.4592
95.4592
95.4592
95.4592
95.4592
95.4592
95.4592
95.4592
95.4592
95.4592
95.4592
95.4592
95.4592
95.4592
95.4592
95.4592
95.4592
95.4592
95.4592
95.4592
95.4593
95.4593
95.4593
95.4593
95.4593
95.4593
95.4593
95.4593
95.4593
95.4593
95.4593
95.4593
95.4593
95.4593
95.4593
95.4593
95.4593
95.4593
95.4593
95.4593
95.4593
95.4593
95.4593
95.4593
95.4593
95.4593
95.4593
95.4593
95.4593
95.4593
95.4593
95.4593
95.4593
95.4593
95.4593
95.4593
95.4593
95.4593
95.4593
95.4593
95.4593
95.4593
95.4593
95.4593
95.4593
95.4593
95.4593
95.4593
95.4593
95.4593
95.4593
95.4593
95.4593
95.4593
95.4593
95.4593
95.4593
95.4593
95.4593
95.4593
95.4593
95.4593
95.4593
95.4593
95.4593
95.4593
95.4593
95.4593
95.4593
95.4593
95.4593
95.4593
95.4593
95.4593
95.4593
95.4593
95.4593
95.4593
95.4593
95.4593
95.4593
95.4593
95.4593
95.4593
95.4593
95.4593
95.4593
95.4593
95.4593
95.4593
95.4593
95.4593
95.4593
95.4593
95.4593
95.4593
95.4593
95.4593
95.4593
95.4593
95.4593
95.4593
95.4593
95.4593
95.4593
95.4593
95.4593
95.4593
95.4593
95.4593
95.4593
95.4593
95.4593
95.4593
95.4593
95.4593
95.4593
95.4593
95.4593
95.4593
95.4593
95.4593
95.4593
95.4593
95.4593
95.4593
95.4593
95.4593
95.4593
95.4593
95.4593
95.4593
95.4593
95.4593
95.4593
95.4593
95.4593
95.4593
95.4593
95.4593
95.4593
95.4593
95.4593
95.4593
95.4593
95.4593
95.4593
95.4593
95.4593
95.4593
95.4593
95.4593
95.4593
95.4593
95.4593
95.4593
95.4593
95.4593
95.4593
95.4593
95.4593
95.4593
95.4593
95.4593
95.4593
95.4593
95.4593
95.4593
95.4593
95.4593
95.4593
95.4593
95.4593
95.4593
95.4593
95.4593
95.4593
95.4593
95.4593
95.4593
95.4593
95.4593
95.4593
95.4593
95.4593
95.4593
95.4593
95.4593
95.4593
95.4593
95.4593
95.4593
95.4593
95.4593
95.4593
95.4593
95.4593
95.4593
95.4593
95.4593
95.4593
95.4593
95.4593
95.4593
95.4593
95.4593
95.4593
95.4593
95.4593
95.4593
95.4593
95.4593
95.4593
95.4593
95.4593
95.4593
95.4593
95.4592
95.4592
95.4592
95.4592
95.4592
95.4592
95.4592
95.4592
95.4592
95.4592
95.4592
95.4592
95.4592
95.4592
95.4592
95.4592
95.4592
95.4592
95.4592
95.4592
95.4592
95.4592
95.4592
95.4592
95.4592
95.4592
95.4592
95.4592
95.4592
95.4592
95.4591
95.4591
95.4591
95.4591
95.4591
95.4591
95.4591
95.459
95.459
95.459
95.459
95.4589
95.4589
95.4589
95.4588
95.4588
95.4588
95.4587
95.4587
95.4586
95.4585
95.4585
95.4584
95.4584
95.4583
95.4582
95.4581
95.458
95.4579
95.4578
95.4577
95.4576
95.4575
95.4573
95.4572
95.4571
95.4569
95.4567
95.4566
95.4564
95.4562
95.456
95.4558
95.4555
95.4553
95.4551
95.4548
95.4546
95.4543
95.454
95.4537
95.4534
95.4531
95.4527
95.4524
95.452
95.4516
95.4512
95.4508
95.4504
95.45
95.4495
95.4495
93.9635
93.9635
93.9638
93.9642
93.9645
93.9648
93.965
93.9653
93.9656
93.9658
93.9661
93.9663
93.9665
93.9667
93.9669
93.9671
93.9673
93.9675
93.9676
93.9678
93.9679
93.9681
93.9682
93.9684
93.9685
93.9686
93.9687
93.9688
93.9689
93.969
93.9691
93.9692
93.9693
93.9694
93.9694
93.9695
93.9696
93.9696
93.9697
93.9697
93.9698
93.9698
93.9699
93.9699
93.9699
93.97
93.97
93.97
93.9701
93.9701
93.9701
93.9701
93.9701
93.9702
93.9702
93.9702
93.9702
93.9702
93.9702
93.9702
93.9702
93.9703
93.9703
93.9703
93.9703
93.9703
93.9703
93.9703
93.9703
93.9703
93.9703
93.9703
93.9703
93.9703
93.9703
93.9703
93.9703
93.9703
93.9703
93.9703
93.9703
93.9703
93.9703
93.9703
93.9703
93.9703
93.9703
93.9703
93.9703
93.9703
93.9703
93.9703
93.9703
93.9703
93.9703
93.9703
93.9703
93.9703
93.9703
93.9703
93.9703
93.9703
93.9703
93.9703
93.9703
93.9703
93.9703
93.9703
93.9703
93.9703
93.9703
93.9703
93.9703
93.9703
93.9703
93.9703
93.9703
93.9703
93.9703
93.9703
93.9703
93.9703
93.9703
93.9703
93.9703
93.9703
93.9703
93.9703
93.9703
93.9703
93.9703
93.9703
93.9703
93.9703
93.9703
93.9703
93.9703
93.9703
93.9703
93.9703
93.9703
93.9703
93.9703
93.9703
93.9703
93.9703
93.9703
93.9703
93.9703
93.9703
93.9703
93.9703
93.9703
93.9703
93.9703
93.9703
93.9703
93.9703
93.9703
93.9703
93.9703
93.9703
93.9703
93.9703
93.9703
93.9703
93.9703
93.9703
93.9703
93.9703
93.9703
93.9703
93.9703
93.9703
93.9703
93.9703
93.9703
93.9703
93.9703
93.9703
93.9703
93.9703
93.9703
93.9703
93.9703
93.9703
93.9703
93.9703
93.9703
93.9703
93.9703
93.9703
93.9703
93.9703
93.9703
93.9703
93.9703
93.9703
93.9703
93.9703
93.9703
93.9703
93.9703
93.9703
93.9703
93.9703
93.9703
93.9703
93.9703
93.9703
93.9703
93.9703
93.9703
93.9703
93.9703
93.9703
93.9703
93.9703
93.9703
93.9703
93.9703
93.9703
93.9703
93.9703
93.9703
93.9703
93.9703
93.9703
93.9703
93.9703
93.9703
93.9703
93.9703
93.9703
93.9703
93.9703
93.9703
93.9703
93.9703
93.9703
93.9703
93.9703
93.9703
93.9703
93.9703
93.9703
93.9703
93.9703
93.9703
93.9703
93.9703
93.9703
93.9703
93.9703
93.9703
93.9703
93.9703
93.9703
93.9703
93.9703
93.9703
93.9703
93.9703
93.9703
93.9703
93.9703
93.9703
93.9703
93.9703
93.9703
93.9703
93.9703
93.9703
93.9703
93.9703
93.9703
93.9703
93.9703
93.9703
93.9703
93.9703
93.9703
93.9703
93.9703
93.9703
93.9703
93.9703
93.9703
93.9703
93.9703
93.9703
93.9703
93.9703
93.9703
93.9703
93.9703
93.9703
93.9703
93.9703
93.9703
93.9703
93.9703
93.9703
93.9703
93.9703
93.9703
93.9703
93.9703
93.9703
93.9703
93.9703
93.9703
93.9703
93.9703
93.9703
93.9703
93.9703
93.9703
93.9703
93.9703
93.9703
93.9703
93.9703
93.9703
93.9703
93.9703
93.9703
93.9703
93.9703
93.9703
93.9703
93.9703
93.9703
93.9703
93.9703
93.9703
93.9702
93.9702
93.9702
93.9702
93.9702
93.9702
93.9702
93.9701
93.9701
93.9701
93.9701
93.9701
93.97
93.97
93.97
93.9699
93.9699
93.9698
93.9698
93.9698
93.9697
93.9696
93.9696
93.9695
93.9695
93.9694
93.9693
93.9692
93.9691
93.969
93.9689
93.9688
93.9687
93.9686
93.9685
93.9683
93.9682
93.968
93.9679
93.9677
93.9675
93.9673
93.9671
93.9669
93.9667
93.9665
93.9662
93.966
93.9657
93.9654
93.9651
93.9649
93.9645
93.9642
93.9639
93.9635
93.9632
93.9628
93.9624
93.962
93.9616
93.9611
93.9607
93.9606
92.2713
92.2713
92.2716
92.2719
92.2722
92.2725
92.2727
92.273
92.2733
92.2735
92.2737
92.274
92.2742
92.2744
92.2746
92.2748
92.2749
92.2751
92.2753
92.2754
92.2756
92.2757
92.2759
92.276
92.2761
92.2762
92.2763
92.2765
92.2766
92.2766
92.2767
92.2768
92.2769
92.277
92.277
92.2771
92.2772
92.2772
92.2773
92.2773
92.2774
92.2774
92.2775
92.2775
92.2775
92.2776
92.2776
92.2776
92.2777
92.2777
92.2777
92.2777
92.2777
92.2778
92.2778
92.2778
92.2778
92.2778
92.2778
92.2778
92.2778
92.2779
92.2779
92.2779
92.2779
92.2779
92.2779
92.2779
92.2779
92.2779
92.2779
92.2779
92.2779
92.2779
92.2779
92.2779
92.2779
92.2779
92.2779
92.2779
92.2779
92.2779
92.2779
92.2779
92.2779
92.2779
92.2779
92.2779
92.2779
92.2779
92.2779
92.2779
92.2779
92.2779
92.2779
92.2779
92.2779
92.2779
92.2779
92.2779
92.2779
92.2779
92.2779
92.2779
92.2779
92.2779
92.2779
92.2779
92.2779
92.2779
92.2779
92.2779
92.2779
92.2779
92.2779
92.2779
92.2779
92.2779
92.2779
92.2779
92.2779
92.2779
92.2779
92.2779
92.2779
92.2779
92.2779
92.2779
92.2779
92.2779
92.2779
92.2779
92.2779
92.2779
92.2779
92.2779
92.2779
92.2779
92.2779
92.2779
92.2779
92.2779
92.2779
92.2779
92.2779
92.2779
92.2779
92.2779
92.2779
92.2779
92.2779
92.2779
92.2779
92.2779
92.2779
92.2779
92.2779
92.2779
92.2779
92.2779
92.2779
92.2779
92.2779
92.2779
92.2779
92.2779
92.2779
92.2779
92.2779
92.2779
92.2779
92.2779
92.2779
92.2779
92.2779
92.2779
92.2779
92.2779
92.2779
92.2779
92.2779
92.2779
92.2779
92.2779
92.2779
92.2779
92.2779
92.2779
92.2779
92.2779
92.2779
92.2779
92.2779
92.2779
92.2779
92.2779
92.2779
92.2779
92.2779
92.2779
92.2779
92.2779
92.2779
92.2779
92.2779
92.2779
92.2779
92.2779
92.2779
92.2779
92.2779
92.2779
92.2779
92.2779
92.2779
92.2779
92.2779
92.2779
92.2779
92.2779
92.2779
92.2779
92.2779
92.2779
92.2779
92.2779
92.2779
92.2779
92.2779
92.2779
92.2779
92.2779
92.2779
92.2779
92.2779
92.2779
92.2779
92.2779
92.2779
92.2779
92.2779
92.2779
92.2779
92.2779
92.2779
92.2779
92.2779
92.2779
92.2779
92.2779
92.2779
92.2779
92.2779
92.2779
92.2779
92.2779
92.2779
92.2779
92.2779
92.2779
92.2779
92.2779
92.2779
92.2779
92.2779
92.2779
92.2779
92.2779
92.2779
92.2779
92.2779
92.2779
92.2779
92.2779
92.2779
92.2779
92.2779
92.2779
92.2779
92.2779
92.2779
92.2779
92.2779
92.2779
92.2779
92.2779
92.2779
92.2779
92.2779
92.2779
92.2779
92.2779
92.2779
92.2779
92.2779
92.2779
92.2779
92.2779
92.2779
92.2779
92.2779
92.2779
92.2779
92.2779
92.2779
92.2779
92.2779
92.2779
92.2779
92.2779
92.2779
92.2779
92.2779
92.2779
92.2779
92.2779
92.2779
92.2779
92.2779
92.2779
92.2779
92.2779
92.2779
92.2779
92.2779
92.2779
92.2779
92.2779
92.2779
92.2779
92.2779
92.2779
92.2779
92.2779
92.2779
92.2778
92.2778
92.2778
92.2778
92.2778
92.2778
92.2778
92.2778
92.2777
92.2777
92.2777
92.2777
92.2777
92.2776
92.2776
92.2776
92.2775
92.2775
92.2774
92.2774
92.2774
92.2773
92.2773
92.2772
92.2771
92.2771
92.277
92.2769
92.2768
92.2767
92.2766
92.2765
92.2764
92.2763
92.2762
92.2761
92.2759
92.2758
92.2757
92.2755
92.2753
92.2751
92.275
92.2748
92.2746
92.2743
92.2741
92.2739
92.2736
92.2734
92.2731
92.2728
92.2725
92.2722
92.2719
92.2716
92.2712
92.2709
92.2705
92.2701
92.2697
92.2692
92.2688
92.2684
92.2683
90.3792
90.3792
90.3795
90.3798
90.3801
90.3804
90.3806
90.3809
90.3811
90.3814
90.3816
90.3818
90.382
90.3822
90.3824
90.3826
90.3828
90.3829
90.3831
90.3833
90.3834
90.3835
90.3837
90.3838
90.3839
90.384
90.3841
90.3842
90.3843
90.3844
90.3845
90.3846
90.3847
90.3848
90.3848
90.3849
90.3849
90.385
90.3851
90.3851
90.3852
90.3852
90.3852
90.3853
90.3853
90.3853
90.3854
90.3854
90.3854
90.3854
90.3855
90.3855
90.3855
90.3855
90.3855
90.3856
90.3856
90.3856
90.3856
90.3856
90.3856
90.3856
90.3856
90.3856
90.3856
90.3856
90.3857
90.3857
90.3857
90.3857
90.3857
90.3857
90.3857
90.3857
90.3857
90.3857
90.3857
90.3857
90.3857
90.3857
90.3857
90.3857
90.3857
90.3857
90.3857
90.3857
90.3857
90.3857
90.3857
90.3857
90.3857
90.3857
90.3857
90.3857
90.3857
90.3857
90.3857
90.3857
90.3857
90.3857
90.3857
90.3857
90.3857
90.3857
90.3857
90.3857
90.3857
90.3857
90.3857
90.3857
90.3857
90.3857
90.3857
90.3857
90.3857
90.3857
90.3857
90.3857
90.3857
90.3857
90.3857
90.3857
90.3857
90.3857
90.3857
90.3857
90.3857
90.3857
90.3857
90.3857
90.3857
90.3857
90.3857
90.3857
90.3857
90.3857
90.3857
90.3857
90.3857
90.3857
90.3857
90.3857
90.3857
90.3857
90.3857
90.3857
90.3857
90.3857
90.3857
90.3857
90.3857
90.3857
90.3857
90.3857
90.3857
90.3857
90.3857
90.3857
90.3857
90.3857
90.3857
90.3857
90.3857
90.3857
90.3857
90.3857
90.3857
90.3857
90.3857
90.3857
90.3857
90.3857
90.3857
90.3857
90.3857
90.3857
90.3857
90.3857
90.3857
90.3857
90.3857
90.3857
90.3857
90.3857
90.3857
90.3857
90.3857
90.3857
90.3857
90.3857
90.3857
90.3857
90.3857
90.3857
90.3857
90.3857
90.3857
90.3857
90.3857
90.3857
90.3857
90.3857
90.3857
90.3857
90.3857
90.3857
90.3857
90.3857
90.3857
90.3857
90.3857
90.3857
90.3857
90.3857
90.3857
90.3857
90.3857
90.3857
90.3857
90.3857
90.3857
90.3857
90.3857
90.3857
90.3857
90.3857
90.3857
90.3857
90.3857
90.3857
90.3857
90.3857
90.3857
90.3857
90.3857
90.3857
90.3857
90.3857
90.3857
90.3857
90.3857
90.3857
90.3857
90.3857
90.3857
90.3857
90.3857
90.3857
90.3857
90.3857
90.3857
90.3857
90.3857
90.3857
90.3857
90.3857
90.3857
90.3857
90.3857
90.3857
90.3857
90.3857
90.3857
90.3857
90.3857
90.3857
90.3857
90.3857
90.3857
90.3857
90.3857
90.3857
90.3857
90.3857
90.3857
90.3857
90.3857
90.3857
90.3857
90.3857
90.3857
90.3857
90.3857
90.3857
90.3857
90.3857
90.3857
90.3857
90.3857
90.3857
90.3857
90.3857
90.3857
90.3857
90.3857
90.3857
90.3857
90.3857
90.3857
90.3857
90.3857
90.3857
90.3857
90.3857
90.3857
90.3857
90.3857
90.3857
90.3857
90.3857
90.3857
90.3857
90.3857
90.3857
90.3857
90.3857
90.3857
90.3857
90.3857
90.3857
90.3857
90.3857
90.3857
90.3857
90.3857
90.3857
90.3857
90.3857
90.3857
90.3857
90.3856
90.3856
90.3856
90.3856
90.3856
90.3856
90.3856
90.3856
90.3856
90.3856
90.3856
90.3855
90.3855
90.3855
90.3855
90.3855
90.3854
90.3854
90.3854
90.3854
90.3853
90.3853
90.3853
90.3852
90.3852
90.3851
90.3851
90.385
90.385
90.3849
90.3848
90.3848
90.3847
90.3846
90.3845
90.3844
90.3843
90.3842
90.3841
90.384
90.3839
90.3837
90.3836
90.3835
90.3833
90.3831
90.383
90.3828
90.3826
90.3824
90.3822
90.382
90.3817
90.3815
90.3812
90.381
90.3807
90.3804
90.3801
90.3798
90.3794
90.3791
90.3787
90.3784
90.378
90.3776
90.3771
90.3767
90.3763
90.3762
88.2915
88.2915
88.2918
88.292
88.2923
88.2926
88.2928
88.2931
88.2933
88.2935
88.2937
88.294
88.2942
88.2943
88.2945
88.2947
88.2949
88.295
88.2952
88.2954
88.2955
88.2956
88.2958
88.2959
88.296
88.2961
88.2962
88.2963
88.2964
88.2965
88.2966
88.2967
88.2967
88.2968
88.2969
88.2969
88.297
88.2971
88.2971
88.2972
88.2972
88.2972
88.2973
88.2973
88.2974
88.2974
88.2974
88.2974
88.2975
88.2975
88.2975
88.2975
88.2975
88.2976
88.2976
88.2976
88.2976
88.2976
88.2976
88.2976
88.2976
88.2977
88.2977
88.2977
88.2977
88.2977
88.2977
88.2977
88.2977
88.2977
88.2977
88.2977
88.2977
88.2977
88.2977
88.2977
88.2977
88.2977
88.2977
88.2977
88.2977
88.2977
88.2977
88.2977
88.2977
88.2977
88.2977
88.2977
88.2977
88.2977
88.2977
88.2977
88.2977
88.2977
88.2977
88.2977
88.2977
88.2977
88.2977
88.2977
88.2977
88.2977
88.2977
88.2977
88.2977
88.2977
88.2977
88.2977
88.2977
88.2977
88.2977
88.2977
88.2977
88.2977
88.2977
88.2977
88.2977
88.2977
88.2977
88.2977
88.2977
88.2977
88.2977
88.2977
88.2977
88.2977
88.2977
88.2977
88.2977
88.2977
88.2977
88.2977
88.2977
88.2977
88.2977
88.2977
88.2977
88.2977
88.2977
88.2977
88.2977
88.2977
88.2977
88.2977
88.2977
88.2977
88.2977
88.2977
88.2977
88.2977
88.2977
88.2977
88.2977
88.2977
88.2977
88.2977
88.2977
88.2977
88.2977
88.2977
88.2977
88.2977
88.2977
88.2977
88.2977
88.2977
88.2977
88.2977
88.2977
88.2977
88.2977
88.2977
88.2977
88.2977
88.2977
88.2977
88.2977
88.2977
88.2977
88.2977
88.2977
88.2977
88.2977
88.2977
88.2977
88.2977
88.2977
88.2977
88.2977
88.2977
88.2977
88.2977
88.2977
88.2977
88.2977
88.2977
88.2977
88.2977
88.2977
88.2977
88.2977
88.2977
88.2977
88.2977
88.2977
88.2977
88.2977
88.2977
88.2977
88.2977
88.2977
88.2977
88.2977
88.2977
88.2977
88.2977
88.2977
88.2977
88.2977
88.2977
88.2977
88.2977
88.2977
88.2977
88.2977
88.2977
88.2977
88.2977
88.2977
88.2977
88.2977
88.2977
88.2977
88.2977
88.2977
88.2977
88.2977
88.2977
88.2977
88.2977
88.2977
88.2977
88.2977
88.2977
88.2977
88.2977
88.2977
88.2977
88.2977
88.2977
88.2977
88.2977
88.2977
88.2977
88.2977
88.2977
88.2977
88.2977
88.2977
88.2977
88.2977
88.2977
88.2977
88.2977
88.2977
88.2977
88.2977
88.2977
88.2977
88.2977
88.2977
88.2977
88.2977
88.2977
88.2977
88.2977
88.2977
88.2977
88.2977
88.2977
88.2977
88.2977
88.2977
88.2977
88.2977
88.2977
88.2977
88.2977
88.2977
88.2977
88.2977
88.2977
88.2977
88.2977
88.2977
88.2977
88.2977
88.2977
88.2977
88.2977
88.2977
88.2977
88.2977
88.2977
88.2977
88.2977
88.2977
88.2977
88.2977
88.2977
88.2977
88.2977
88.2977
88.2977
88.2977
88.2977
88.2977
88.2977
88.2977
88.2977
88.2977
88.2977
88.2977
88.2977
88.2977
88.2977
88.2977
88.2977
88.2977
88.2977
88.2977
88.2977
88.2977
88.2977
88.2977
88.2977
88.2976
88.2976
88.2976
88.2976
88.2976
88.2976
88.2976
88.2975
88.2975
88.2975
88.2975
88.2975
88.2974
88.2974
88.2974
88.2973
88.2973
88.2973
88.2972
88.2972
88.2971
88.2971
88.297
88.297
88.2969
88.2968
88.2968
88.2967
88.2966
88.2965
88.2964
88.2963
88.2962
88.2961
88.296
88.2958
88.2957
88.2955
88.2954
88.2952
88.2951
88.2949
88.2947
88.2945
88.2943
88.2941
88.2938
88.2936
88.2934
88.2931
88.2928
88.2925
88.2922
88.2919
88.2916
88.2913
88.2909
88.2905
88.2901
88.2897
88.2893
88.2889
88.2885
88.2884
86.0125
86.0125
86.0128
86.0131
86.0133
86.0136
86.0138
86.014
86.0143
86.0145
86.0147
86.0149
86.0151
86.0153
86.0154
86.0156
86.0158
86.0159
86.0161
86.0162
86.0164
86.0165
86.0166
86.0168
86.0169
86.017
86.0171
86.0172
86.0173
86.0174
86.0174
86.0175
86.0176
86.0177
86.0177
86.0178
86.0178
86.0179
86.0179
86.018
86.018
86.0181
86.0181
86.0182
86.0182
86.0182
86.0182
86.0183
86.0183
86.0183
86.0183
86.0184
86.0184
86.0184
86.0184
86.0184
86.0184
86.0184
86.0185
86.0185
86.0185
86.0185
86.0185
86.0185
86.0185
86.0185
86.0185
86.0185
86.0185
86.0185
86.0185
86.0185
86.0185
86.0185
86.0185
86.0185
86.0185
86.0185
86.0185
86.0185
86.0185
86.0185
86.0185
86.0186
86.0186
86.0186
86.0186
86.0186
86.0186
86.0186
86.0186
86.0186
86.0186
86.0186
86.0186
86.0186
86.0186
86.0186
86.0186
86.0186
86.0186
86.0186
86.0186
86.0186
86.0186
86.0186
86.0186
86.0186
86.0186
86.0186
86.0186
86.0186
86.0186
86.0186
86.0186
86.0186
86.0186
86.0186
86.0186
86.0186
86.0186
86.0186
86.0186
86.0186
86.0186
86.0186
86.0186
86.0186
86.0186
86.0186
86.0186
86.0186
86.0186
86.0186
86.0186
86.0186
86.0186
86.0186
86.0186
86.0186
86.0186
86.0186
86.0186
86.0186
86.0186
86.0186
86.0186
86.0186
86.0186
86.0186
86.0186
86.0186
86.0186
86.0186
86.0186
86.0186
86.0186
86.0186
86.0186
86.0186
86.0186
86.0186
86.0186
86.0186
86.0186
86.0186
86.0186
86.0186
86.0186
86.0186
86.0186
86.0186
86.0186
86.0186
86.0186
86.0186
86.0186
86.0186
86.0186
86.0186
86.0186
86.0186
86.0186
86.0186
86.0186
86.0186
86.0186
86.0186
86.0186
86.0186
86.0186
86.0186
86.0186
86.0186
86.0186
86.0186
86.0186
86.0186
86.0186
86.0186
86.0186
86.0186
86.0186
86.0186
86.0186
86.0186
86.0186
86.0186
86.0186
86.0186
86.0186
86.0186
86.0186
86.0186
86.0186
86.0186
86.0186
86.0186
86.0186
86.0186
86.0186
86.0186
86.0186
86.0186
86.0186
86.0186
86.0186
86.0186
86.0186
86.0186
86.0186
86.0186
86.0186
86.0186
86.0186
86.0186
86.0186
86.0186
86.0186
86.0186
86.0186
86.0186
86.0186
86.0186
86.0186
86.0186
86.0186
86.0186
86.0186
86.0186
86.0186
86.0186
86.0186
86.0186
86.0186
86.0186
86.0186
86.0186
86.0186
86.0186
86.0186
86.0186
86.0186
86.0186
86.0186
86.0186
86.0186
86.0186
86.0186
86.0186
86.0186
86.0186
86.0186
86.0186
86.0186
86.0186
86.0186
86.0186
86.0186
86.0186
86.0186
86.0186
86.0186
86.0186
86.0186
86.0186
86.0186
86.0186
86.0186
86.0186
86.0186
86.0186
86.0186
86.0186
86.0186
86.0186
86.0186
86.0186
86.0186
86.0186
86.0186
86.0186
86.0186
86.0186
86.0186
86.0186
86.0186
86.0186
86.0186
86.0186
86.0186
86.0186
86.0186
86.0186
86.0185
86.0185
86.0185
86.0185
86.0185
86.0185
86.0185
86.0185
86.0185
86.0185
86.0185
86.0185
86.0185
86.0185
86.0185
86.0185
86.0185
86.0185
86.0185
86.0185
86.0185
86.0185
86.0185
86.0185
86.0184
86.0184
86.0184
86.0184
86.0184
86.0184
86.0184
86.0183
86.0183
86.0183
86.0183
86.0182
86.0182
86.0182
86.0181
86.0181
86.0181
86.018
86.018
86.0179
86.0179
86.0178
86.0177
86.0177
86.0176
86.0175
86.0174
86.0174
86.0173
86.0172
86.0171
86.0169
86.0168
86.0167
86.0166
86.0164
86.0163
86.0161
86.016
86.0158
86.0156
86.0154
86.0152
86.015
86.0148
86.0145
86.0143
86.014
86.0138
86.0135
86.0132
86.0129
86.0126
86.0122
86.0119
86.0115
86.0111
86.0107
86.0103
86.0099
86.0095
86.0094
83.5473
83.5473
83.5475
83.5478
83.5481
83.5483
83.5485
83.5487
83.549
83.5492
83.5494
83.5496
83.5497
83.5499
83.5501
83.5503
83.5504
83.5506
83.5507
83.5509
83.551
83.5511
83.5512
83.5514
83.5515
83.5516
83.5517
83.5518
83.5519
83.5519
83.552
83.5521
83.5522
83.5522
83.5523
83.5524
83.5524
83.5525
83.5525
83.5526
83.5526
83.5526
83.5527
83.5527
83.5527
83.5528
83.5528
83.5528
83.5529
83.5529
83.5529
83.5529
83.5529
83.5529
83.553
83.553
83.553
83.553
83.553
83.553
83.553
83.553
83.553
83.553
83.5531
83.5531
83.5531
83.5531
83.5531
83.5531
83.5531
83.5531
83.5531
83.5531
83.5531
83.5531
83.5531
83.5531
83.5531
83.5531
83.5531
83.5531
83.5531
83.5531
83.5531
83.5531
83.5531
83.5531
83.5531
83.5531
83.5531
83.5531
83.5531
83.5531
83.5531
83.5531
83.5531
83.5531
83.5531
83.5531
83.5531
83.5531
83.5531
83.5531
83.5531
83.5531
83.5531
83.5531
83.5531
83.5531
83.5531
83.5531
83.5531
83.5531
83.5531
83.5531
83.5531
83.5531
83.5531
83.5531
83.5531
83.5531
83.5531
83.5531
83.5531
83.5531
83.5531
83.5531
83.5531
83.5531
83.5531
83.5531
83.5531
83.5531
83.5531
83.5531
83.5531
83.5531
83.5531
83.5531
83.5531
83.5531
83.5531
83.5531
83.5531
83.5531
83.5531
83.5531
83.5531
83.5531
83.5531
83.5531
83.5531
83.5531
83.5531
83.5531
83.5531
83.5531
83.5531
83.5531
83.5531
83.5531
83.5531
83.5531
83.5531
83.5531
83.5531
83.5531
83.5531
83.5531
83.5531
83.5531
83.5531
83.5531
83.5531
83.5531
83.5531
83.5531
83.5531
83.5531
83.5531
83.5531
83.5531
83.5531
83.5531
83.5531
83.5531
83.5531
83.5531
83.5531
83.5531
83.5531
83.5531
83.5531
83.5531
83.5531
83.5531
83.5531
83.5531
83.5531
83.5531
83.5531
83.5531
83.5531
83.5531
83.5531
83.5531
83.5531
83.5531
83.5531
83.5531
83.5531
83.5531
83.5531
83.5531
83.5531
83.5531
83.5531
83.5531
83.5531
83.5531
83.5531
83.5531
83.5531
83.5531
83.5531
83.5531
83.5531
83.5531
83.5531
83.5531
83.5531
83.5531
83.5531
83.5531
83.5531
83.5531
83.5531
83.5531
83.5531
83.5531
83.5531
83.5531
83.5531
83.5531
83.5531
83.5531
83.5531
83.5531
83.5531
83.5531
83.5531
83.5531
83.5531
83.5531
83.5531
83.5531
83.5531
83.5531
83.5531
83.5531
83.5531
83.5531
83.5531
83.5531
83.5531
83.5531
83.5531
83.5531
83.5531
83.5531
83.5531
83.5531
83.5531
83.5531
83.5531
83.5531
83.5531
83.5531
83.5531
83.5531
83.5531
83.5531
83.5531
83.5531
83.5531
83.5531
83.5531
83.5531
83.5531
83.5531
83.5531
83.5531
83.5531
83.5531
83.5531
83.5531
83.5531
83.5531
83.5531
83.5531
83.5531
83.5531
83.5531
83.5531
83.5531
83.5531
83.5531
83.5531
83.5531
83.5531
83.5531
83.5531
83.5531
83.5531
83.5531
83.5531
83.5531
83.5531
83.5531
83.5531
83.5531
83.5531
83.5531
83.5531
83.5531
83.5531
83.5531
83.5531
83.5531
83.5531
83.5531
83.5531
83.553
83.553
83.553
83.553
83.553
83.553
83.553
83.553
83.553
83.553
83.5529
83.5529
83.5529
83.5529
83.5529
83.5528
83.5528
83.5528
83.5527
83.5527
83.5527
83.5526
83.5526
83.5525
83.5525
83.5524
83.5524
83.5523
83.5523
83.5522
83.5521
83.552
83.5519
83.5519
83.5518
83.5517
83.5515
83.5514
83.5513
83.5512
83.551
83.5509
83.5507
83.5506
83.5504
83.5502
83.55
83.5498
83.5496
83.5494
83.5492
83.5489
83.5487
83.5484
83.5482
83.5479
83.5476
83.5473
83.5469
83.5466
83.5462
83.5459
83.5455
83.5451
83.5446
83.5442
83.5442
80.9011
80.9011
80.9014
80.9016
80.9019
80.9021
80.9023
80.9025
80.9027
80.9029
80.9031
80.9033
80.9035
80.9037
80.9038
80.904
80.9041
80.9043
80.9044
80.9046
80.9047
80.9048
80.9049
80.905
80.9051
80.9052
80.9053
80.9054
80.9055
80.9056
80.9057
80.9057
80.9058
80.9059
80.9059
80.906
80.9061
80.9061
80.9062
80.9062
80.9062
80.9063
80.9063
80.9063
80.9064
80.9064
80.9064
80.9065
80.9065
80.9065
80.9065
80.9065
80.9066
80.9066
80.9066
80.9066
80.9066
80.9066
80.9066
80.9066
80.9066
80.9067
80.9067
80.9067
80.9067
80.9067
80.9067
80.9067
80.9067
80.9067
80.9067
80.9067
80.9067
80.9067
80.9067
80.9067
80.9067
80.9067
80.9067
80.9067
80.9067
80.9067
80.9067
80.9067
80.9067
80.9067
80.9067
80.9067
80.9067
80.9067
80.9067
80.9067
80.9067
80.9067
80.9067
80.9067
80.9067
80.9067
80.9067
80.9067
80.9067
80.9067
80.9067
80.9067
80.9067
80.9067
80.9067
80.9067
80.9067
80.9067
80.9067
80.9067
80.9067
80.9067
80.9067
80.9067
80.9067
80.9067
80.9067
80.9067
80.9067
80.9067
80.9067
80.9067
80.9067
80.9067
80.9067
80.9067
80.9067
80.9067
80.9067
80.9067
80.9067
80.9067
80.9067
80.9067
80.9067
80.9067
80.9067
80.9067
80.9067
80.9067
80.9067
80.9067
80.9067
80.9067
80.9067
80.9067
80.9067
80.9067
80.9067
80.9067
80.9067
80.9067
80.9067
80.9067
80.9067
80.9067
80.9067
80.9067
80.9067
80.9067
80.9067
80.9067
80.9067
80.9067
80.9067
80.9067
80.9067
80.9067
80.9067
80.9067
80.9067
80.9067
80.9067
80.9067
80.9067
80.9067
80.9067
80.9067
80.9067
80.9067
80.9067
80.9067
80.9067
80.9067
80.9067
80.9067
80.9067
80.9067
80.9067
80.9067
80.9067
80.9067
80.9067
80.9067
80.9067
80.9067
80.9067
80.9067
80.9067
80.9067
80.9067
80.9067
80.9067
80.9067
80.9067
80.9067
80.9067
80.9067
80.9067
80.9067
80.9067
80.9067
80.9067
80.9067
80.9067
80.9067
80.9067
80.9067
80.9067
80.9067
80.9067
80.9067
80.9067
80.9067
80.9067
80.9067
80.9067
80.9067
80.9067
80.9067
80.9067
80.9067
80.9067
80.9067
80.9067
80.9067
80.9067
80.9067
80.9067
80.9067
80.9067
80.9067
80.9067
80.9067
80.9067
80.9067
80.9067
80.9067
80.9067
80.9067
80.9067
80.9067
80.9067
80.9067
80.9067
80.9067
80.9067
80.9067
80.9067
80.9067
80.9067
80.9067
80.9067
80.9067
80.9067
80.9067
80.9067
80.9067
80.9067
80.9067
80.9067
80.9067
80.9067
80.9067
80.9067
80.9067
80.9067
80.9067
80.9067
80.9067
80.9067
80.9067
80.9067
80.9067
80.9067
80.9067
80.9067
80.9067
80.9067
80.9067
80.9067
80.9067
80.9067
80.9067
80.9067
80.9067
80.9067
80.9067
80.9067
80.9067
80.9067
80.9067
80.9067
80.9067
80.9067
80.9067
80.9067
80.9067
80.9067
80.9067
80.9067
80.9067
80.9067
80.9067
80.9067
80.9067
80.9067
80.9067
80.9067
80.9067
80.9067
80.9067
80.9067
80.9067
80.9067
80.9067
80.9067
80.9067
80.9067
80.9067
80.9067
80.9067
80.9067
80.9067
80.9066
80.9066
80.9066
80.9066
80.9066
80.9066
80.9066
80.9066
80.9065
80.9065
80.9065
80.9065
80.9065
80.9064
80.9064
80.9064
80.9063
80.9063
80.9063
80.9062
80.9062
80.9061
80.9061
80.906
80.906
80.9059
80.9058
80.9058
80.9057
80.9056
80.9055
80.9054
80.9053
80.9052
80.9051
80.905
80.9049
80.9047
80.9046
80.9044
80.9043
80.9041
80.9039
80.9038
80.9036
80.9034
80.9031
80.9029
80.9027
80.9024
80.9022
80.9019
80.9016
80.9014
80.901
80.9007
80.9004
80.9
80.8997
80.8993
80.8989
80.8985
80.8981
80.8981
78.0798
78.0798
78.0801
78.0803
78.0805
78.0807
78.0809
78.0811
78.0813
78.0815
78.0817
78.0818
78.082
78.0822
78.0823
78.0825
78.0826
78.0828
78.0829
78.083
78.0832
78.0833
78.0834
78.0835
78.0836
78.0837
78.0838
78.0839
78.084
78.0841
78.0841
78.0842
78.0843
78.0843
78.0844
78.0844
78.0845
78.0845
78.0846
78.0846
78.0847
78.0847
78.0847
78.0848
78.0848
78.0848
78.0849
78.0849
78.0849
78.0849
78.0849
78.085
78.085
78.085
78.085
78.085
78.085
78.085
78.085
78.0851
78.0851
78.0851
78.0851
78.0851
78.0851
78.0851
78.0851
78.0851
78.0851
78.0851
78.0851
78.0851
78.0851
78.0851
78.0851
78.0851
78.0851
78.0851
78.0851
78.0851
78.0851
78.0851
78.0851
78.0851
78.0851
78.0851
78.0851
78.0851
78.0851
78.0851
78.0851
78.0851
78.0851
78.0851
78.0851
78.0851
78.0851
78.0851
78.0851
78.0851
78.0851
78.0851
78.0851
78.0851
78.0851
78.0851
78.0851
78.0851
78.0851
78.0851
78.0851
78.0851
78.0851
78.0851
78.0851
78.0851
78.0851
78.0851
78.0851
78.0851
78.0851
78.0851
78.0851
78.0851
78.0851
78.0851
78.0851
78.0851
78.0851
78.0851
78.0851
78.0851
78.0851
78.0851
78.0851
78.0851
78.0851
78.0851
78.0851
78.0851
78.0851
78.0851
78.0851
78.0851
78.0851
78.0851
78.0851
78.0851
78.0851
78.0851
78.0851
78.0851
78.0851
78.0851
78.0851
78.0851
78.0851
78.0851
78.0851
78.0851
78.0851
78.0851
78.0851
78.0851
78.0851
78.0851
78.0851
78.0851
78.0851
78.0851
78.0851
78.0851
78.0851
78.0851
78.0851
78.0851
78.0851
78.0851
78.0851
78.0851
78.0851
78.0851
78.0851
78.0851
78.0851
78.0851
78.0851
78.0851
78.0851
78.0851
78.0851
78.0851
78.0851
78.0851
78.0851
78.0851
78.0851
78.0851
78.0851
78.0851
78.0851
78.0851
78.0851
78.0851
78.0851
78.0851
78.0851
78.0851
78.0851
78.0851
78.0851
78.0851
78.0851
78.0851
78.0851
78.0851
78.0851
78.0851
78.0851
78.0851
78.0851
78.0851
78.0851
78.0851
78.0851
78.0851
78.0851
78.0851
78.0851
78.0851
78.0851
78.0851
78.0851
78.0851
78.0851
78.0851
78.0851
78.0851
78.0851
78.0851
78.0851
78.0851
78.0851
78.0851
78.0851
78.0851
78.0851
78.0851
78.0851
78.0851
78.0851
78.0851
78.0851
78.0851
78.0851
78.0851
78.0851
78.0851
78.0851
78.0851
78.0851
78.0851
78.0851
78.0851
78.0851
78.0851
78.0851
78.0851
78.0851
78.0851
78.0851
78.0851
78.0851
78.0851
78.0851
78.0851
78.0851
78.0851
78.0851
78.0851
78.0851
78.0851
78.0851
78.0851
78.0851
78.0851
78.0851
78.0851
78.0851
78.0851
78.0851
78.0851
78.0851
78.0851
78.0851
78.0851
78.0851
78.0851
78.0851
78.0851
78.0851
78.0851
78.0851
78.0851
78.0851
78.0851
78.0851
78.0851
78.0851
78.0851
78.0851
78.0851
78.0851
78.0851
78.0851
78.0851
78.0851
78.0851
78.0851
78.0851
78.0851
78.0851
78.0851
78.0851
78.0851
78.0851
78.0851
78.0851
78.0851
78.0851
78.0851
78.0851
78.0851
78.0851
78.0851
78.0851
78.0851
78.085
78.085
78.085
78.085
78.085
78.085
78.085
78.085
78.0849
78.0849
78.0849
78.0849
78.0849
78.0848
78.0848
78.0848
78.0847
78.0847
78.0847
78.0846
78.0846
78.0845
78.0845
78.0844
78.0843
78.0843
78.0842
78.0841
78.084
78.084
78.0839
78.0838
78.0837
78.0836
78.0834
78.0833
78.0832
78.0831
78.0829
78.0828
78.0826
78.0824
78.0823
78.0821
78.0819
78.0817
78.0815
78.0812
78.081
78.0808
78.0805
78.0802
78.0799
78.0796
78.0793
78.079
78.0787
78.0783
78.0779
78.0776
78.0772
78.0768
78.0768
75.0894
75.0894
75.0896
75.0899
75.09
75.0902
75.0904
75.0906
75.0908
75.091
75.0911
75.0913
75.0915
75.0916
75.0918
75.0919
75.0921
75.0922
75.0923
75.0924
75.0926
75.0927
75.0928
75.0929
75.093
75.0931
75.0932
75.0933
75.0933
75.0934
75.0935
75.0936
75.0936
75.0937
75.0937
75.0938
75.0938
75.0939
75.0939
75.094
75.094
75.094
75.0941
75.0941
75.0941
75.0942
75.0942
75.0942
75.0942
75.0942
75.0943
75.0943
75.0943
75.0943
75.0943
75.0943
75.0943
75.0944
75.0944
75.0944
75.0944
75.0944
75.0944
75.0944
75.0944
75.0944
75.0944
75.0944
75.0944
75.0944
75.0944
75.0944
75.0944
75.0944
75.0944
75.0944
75.0944
75.0944
75.0944
75.0944
75.0944
75.0945
75.0945
75.0945
75.0945
75.0945
75.0945
75.0945
75.0945
75.0945
75.0945
75.0945
75.0945
75.0945
75.0945
75.0945
75.0945
75.0945
75.0945
75.0945
75.0945
75.0945
75.0945
75.0945
75.0945
75.0945
75.0945
75.0945
75.0945
75.0945
75.0945
75.0945
75.0945
75.0945
75.0945
75.0945
75.0945
75.0945
75.0945
75.0945
75.0945
75.0945
75.0945
75.0945
75.0945
75.0945
75.0945
75.0945
75.0945
75.0945
75.0945
75.0945
75.0945
75.0945
75.0945
75.0945
75.0945
75.0945
75.0945
75.0945
75.0945
75.0945
75.0945
75.0945
75.0945
75.0945
75.0945
75.0945
75.0945
75.0945
75.0945
75.0945
75.0945
75.0945
75.0945
75.0945
75.0945
75.0945
75.0945
75.0945
75.0945
75.0945
75.0945
75.0945
75.0945
75.0945
75.0945
75.0945
75.0945
75.0945
75.0945
75.0945
75.0945
75.0945
75.0945
75.0945
75.0945
75.0945
75.0945
75.0945
75.0945
75.0945
75.0945
75.0945
75.0945
75.0945
75.0945
75.0945
75.0945
75.0945
75.0945
75.0945
75.0945
75.0945
75.0945
75.0945
75.0945
75.0945
75.0945
75.0945
75.0945
75.0945
75.0945
75.0945
75.0945
75.0945
75.0945
75.0945
75.0945
75.0945
75.0945
75.0945
75.0945
75.0945
75.0945
75.0945
75.0945
75.0945
75.0945
75.0945
75.0945
75.0945
75.0945
75.0945
75.0945
75.0945
75.0945
75.0945
75.0945
75.0945
75.0945
75.0945
75.0945
75.0945
75.0945
75.0945
75.0945
75.0945
75.0945
75.0945
75.0945
75.0945
75.0945
75.0945
75.0945
75.0945
75.0945
75.0945
75.0945
75.0945
75.0945
75.0945
75.0945
75.0945
75.0945
75.0945
75.0945
75.0945
75.0945
75.0945
75.0945
75.0945
75.0945
75.0945
75.0945
75.0945
75.0945
75.0945
75.0945
75.0945
75.0945
75.0945
75.0945
75.0945
75.0945
75.0945
75.0945
75.0945
75.0945
75.0945
75.0945
75.0945
75.0945
75.0945
75.0945
75.0945
75.0945
75.0945
75.0945
75.0945
75.0945
75.0945
75.0945
75.0945
75.0945
75.0945
75.0945
75.0945
75.0945
75.0945
75.0945
75.0945
75.0945
75.0945
75.0945
75.0945
75.0945
75.0945
75.0945
75.0945
75.0945
75.0945
75.0945
75.0945
75.0945
75.0945
75.0944
75.0944
75.0944
75.0944
75.0944
75.0944
75.0944
75.0944
75.0944
75.0944
75.0944
75.0944
75.0944
75.0944
75.0944
75.0944
75.0944
75.0944
75.0944
75.0944
75.0944
75.0944
75.0944
75.0944
75.0943
75.0943
75.0943
75.0943
75.0943
75.0943
75.0942
75.0942
75.0942
75.0942
75.0942
75.0941
75.0941
75.0941
75.094
75.094
75.0939
75.0939
75.0939
75.0938
75.0937
75.0937
75.0936
75.0936
75.0935
75.0934
75.0933
75.0932
75.0931
75.093
75.0929
75.0928
75.0927
75.0926
75.0925
75.0923
75.0922
75.092
75.0919
75.0917
75.0915
75.0913
75.0911
75.0909
75.0907
75.0905
75.0902
75.09
75.0897
75.0894
75.0892
75.0889
75.0885
75.0882
75.0879
75.0875
75.0871
75.0868
75.0864
75.0864
71.9365
71.9364
71.9366
71.9368
71.937
71.9372
71.9373
71.9375
71.9377
71.9378
71.938
71.9381
71.9383
71.9384
71.9386
71.9387
71.9389
71.939
71.9391
71.9392
71.9393
71.9395
71.9396
71.9397
71.9398
71.9398
71.9399
71.94
71.9401
71.9402
71.9402
71.9403
71.9404
71.9404
71.9405
71.9405
71.9406
71.9406
71.9406
71.9407
71.9407
71.9408
71.9408
71.9408
71.9408
71.9409
71.9409
71.9409
71.9409
71.941
71.941
71.941
71.941
71.941
71.941
71.941
71.9411
71.9411
71.9411
71.9411
71.9411
71.9411
71.9411
71.9411
71.9411
71.9411
71.9411
71.9411
71.9411
71.9411
71.9411
71.9411
71.9411
71.9411
71.9411
71.9411
71.9411
71.9411
71.9411
71.9412
71.9412
71.9412
71.9412
71.9412
71.9412
71.9412
71.9412
71.9412
71.9412
71.9412
71.9412
71.9412
71.9412
71.9412
71.9412
71.9412
71.9412
71.9412
71.9412
71.9412
71.9412
71.9412
71.9412
71.9412
71.9412
71.9412
71.9412
71.9412
71.9412
71.9412
71.9412
71.9412
71.9412
71.9412
71.9412
71.9412
71.9412
71.9412
71.9412
71.9412
71.9412
71.9412
71.9412
71.9412
71.9412
71.9412
71.9412
71.9412
71.9412
71.9412
71.9412
71.9412
71.9412
71.9412
71.9412
71.9412
71.9412
71.9412
71.9412
71.9412
71.9412
71.9412
71.9412
71.9412
71.9412
71.9412
71.9412
71.9412
71.9412
71.9412
71.9412
71.9412
71.9412
71.9412
71.9412
71.9412
71.9412
71.9412
71.9412
71.9412
71.9412
71.9412
71.9412
71.9412
71.9412
71.9412
71.9412
71.9412
71.9412
71.9412
71.9412
71.9412
71.9412
71.9412
71.9412
71.9412
71.9412
71.9412
71.9412
71.9412
71.9412
71.9412
71.9412
71.9412
71.9412
71.9412
71.9412
71.9412
71.9412
71.9412
71.9412
71.9412
71.9412
71.9412
71.9412
71.9412
71.9412
71.9412
71.9412
71.9412
71.9412
71.9412
71.9412
71.9412
71.9412
71.9412
71.9412
71.9412
71.9412
71.9412
71.9412
71.9412
71.9412
71.9412
71.9412
71.9412
71.9412
71.9412
71.9412
71.9412
71.9412
71.9412
71.9412
71.9412
71.9412
71.9412
71.9412
71.9412
71.9412
71.9412
71.9412
71.9412
71.9412
71.9412
71.9412
71.9412
71.9412
71.9412
71.9412
71.9412
71.9412
71.9412
71.9412
71.9412
71.9412
71.9412
71.9412
71.9412
71.9412
71.9412
71.9412
71.9412
71.9412
71.9412
71.9412
71.9412
71.9412
71.9412
71.9412
71.9412
71.9412
71.9412
71.9412
71.9412
71.9412
71.9412
71.9412
71.9412
71.9412
71.9412
71.9412
71.9412
71.9412
71.9412
71.9412
71.9412
71.9412
71.9412
71.9412
71.9412
71.9412
71.9412
71.9412
71.9412
71.9412
71.9412
71.9412
71.9412
71.9412
71.9412
71.9412
71.9412
71.9412
71.9412
71.9412
71.9412
71.9412
71.9412
71.9412
71.9412
71.9412
71.9412
71.9412
71.9412
71.9412
71.9412
71.9412
71.9412
71.9412
71.9412
71.9412
71.9412
71.9412
71.9412
71.9412
71.9412
71.9412
71.9412
71.9412
71.9411
71.9411
71.9411
71.9411
71.9411
71.9411
71.9411
71.9411
71.9411
71.9411
71.9411
71.9411
71.9411
71.9411
71.9411
71.9411
71.9411
71.9411
71.9411
71.9411
71.9411
71.941
71.941
71.941
71.941
71.941
71.941
71.941
71.9409
71.9409
71.9409
71.9409
71.9408
71.9408
71.9408
71.9407
71.9407
71.9407
71.9406
71.9406
71.9405
71.9405
71.9404
71.9404
71.9403
71.9402
71.9402
71.9401
71.94
71.9399
71.9398
71.9397
71.9396
71.9395
71.9394
71.9392
71.9391
71.939
71.9388
71.9387
71.9385
71.9383
71.9382
71.938
71.9378
71.9376
71.9373
71.9371
71.9369
71.9366
71.9364
71.9361
71.9358
71.9355
71.9352
71.9348
71.9345
71.9341
71.9338
71.9334
71.9334
68.6277
68.6277
68.6278
68.628
68.6281
68.6283
68.6284
68.6286
68.6288
68.6289
68.6291
68.6292
68.6294
68.6295
68.6296
68.6298
68.6299
68.63
68.6301
68.6302
68.6304
68.6305
68.6306
68.6306
68.6307
68.6308
68.6309
68.631
68.6311
68.6311
68.6312
68.6313
68.6313
68.6314
68.6314
68.6315
68.6315
68.6316
68.6316
68.6316
68.6317
68.6317
68.6317
68.6318
68.6318
68.6318
68.6318
68.6318
68.6319
68.6319
68.6319
68.6319
68.6319
68.6319
68.632
68.632
68.632
68.632
68.632
68.632
68.632
68.632
68.632
68.632
68.632
68.632
68.632
68.632
68.632
68.6321
68.6321
68.6321
68.6321
68.6321
68.6321
68.6321
68.6321
68.6321
68.6321
68.6321
68.6321
68.6321
68.6321
68.6321
68.6321
68.6321
68.6321
68.6321
68.6321
68.6321
68.6321
68.6321
68.6321
68.6321
68.6321
68.6321
68.6321
68.6321
68.6321
68.6321
68.6321
68.6321
68.6321
68.6321
68.6321
68.6321
68.6321
68.6321
68.6321
68.6321
68.6321
68.6321
68.6321
68.6321
68.6321
68.6321
68.6321
68.6321
68.6321
68.6321
68.6321
68.6321
68.6321
68.6321
68.6321
68.6321
68.6321
68.6321
68.6321
68.6321
68.6321
68.6321
68.6321
68.6321
68.6321
68.6321
68.6321
68.6321
68.6321
68.6321
68.6321
68.6321
68.6321
68.6321
68.6321
68.6321
68.6321
68.6321
68.6321
68.6321
68.6321
68.6321
68.6321
68.6321
68.6321
68.6321
68.6321
68.6321
68.6321
68.6321
68.6321
68.6321
68.6321
68.6321
68.6321
68.6321
68.6321
68.6321
68.6321
68.6321
68.6321
68.6321
68.6321
68.6321
68.6321
68.6321
68.6321
68.6321
68.6321
68.6321
68.6321
68.6321
68.6321
68.6321
68.6321
68.6321
68.6321
68.6321
68.6321
68.6321
68.6321
68.6321
68.6321
68.6321
68.6321
68.6321
68.6321
68.6321
68.6321
68.6321
68.6321
68.6321
68.6321
68.6321
68.6321
68.6321
68.6321
68.6321
68.6321
68.6321
68.6321
68.6321
68.6321
68.6321
68.6321
68.6321
68.6321
68.6321
68.6321
68.6321
68.6321
68.6321
68.6321
68.6321
68.6321
68.6321
68.6321
68.6321
68.6321
68.6321
68.6321
68.6321
68.6321
68.6321
68.6321
68.6321
68.6321
68.6321
68.6321
68.6321
68.6321
68.6321
68.6321
68.6321
68.6321
68.6321
68.6321
68.6321
68.6321
68.6321
68.6321
68.6321
68.6321
68.6321
68.6321
68.6321
68.6321
68.6321
68.6321
68.6321
68.6321
68.6321
68.6321
68.6321
68.6321
68.6321
68.6321
68.6321
68.6321
68.6321
68.6321
68.6321
68.6321
68.6321
68.6321
68.6321
68.6321
68.6321
68.6321
68.6321
68.6321
68.6321
68.6321
68.6321
68.6321
68.6321
68.6321
68.6321
68.6321
68.6321
68.6321
68.6321
68.6321
68.6321
68.6321
68.6321
68.6321
68.6321
68.6321
68.6321
68.6321
68.6321
68.6321
68.6321
68.6321
68.6321
68.6321
68.6321
68.6321
68.6321
68.6321
68.6321
68.6321
68.6321
68.6321
68.6321
68.6321
68.6321
68.6321
68.6321
68.6321
68.6321
68.6321
68.6321
68.6321
68.6321
68.6321
68.6321
68.632
68.632
68.632
68.632
68.632
68.632
68.632
68.632
68.632
68.632
68.632
68.632
68.632
68.632
68.6319
68.6319
68.6319
68.6319
68.6319
68.6319
68.6318
68.6318
68.6318
68.6318
68.6317
68.6317
68.6317
68.6316
68.6316
68.6316
68.6315
68.6315
68.6314
68.6314
68.6313
68.6313
68.6312
68.6311
68.631
68.631
68.6309
68.6308
68.6307
68.6306
68.6305
68.6304
68.6303
68.6301
68.63
68.6299
68.6297
68.6295
68.6294
68.6292
68.629
68.6288
68.6286
68.6284
68.6282
68.628
68.6277
68.6275
68.6272
68.6269
68.6267
68.6264
68.626
68.6257
68.6254
68.625
68.6247
68.6247
65.1705
65.1704
65.1705
65.1706
65.1707
65.1708
65.171
65.1711
65.1713
65.1714
65.1715
65.1717
65.1718
65.172
65.1721
65.1722
65.1723
65.1724
65.1726
65.1727
65.1728
65.1729
65.173
65.173
65.1731
65.1732
65.1733
65.1734
65.1734
65.1735
65.1736
65.1736
65.1737
65.1737
65.1738
65.1738
65.1739
65.1739
65.1739
65.174
65.174
65.174
65.1741
65.1741
65.1741
65.1741
65.1742
65.1742
65.1742
65.1742
65.1742
65.1743
65.1743
65.1743
65.1743
65.1743
65.1743
65.1743
65.1743
65.1743
65.1743
65.1743
65.1744
65.1744
65.1744
65.1744
65.1744
65.1744
65.1744
65.1744
65.1744
65.1744
65.1744
65.1744
65.1744
65.1744
65.1744
65.1744
65.1744
65.1744
65.1744
65.1744
65.1744
65.1744
65.1744
65.1744
65.1744
65.1744
65.1744
65.1744
65.1744
65.1744
65.1744
65.1744
65.1744
65.1744
65.1744
65.1744
65.1744
65.1744
65.1744
65.1744
65.1744
65.1744
65.1744
65.1744
65.1744
65.1744
65.1744
65.1744
65.1744
65.1744
65.1744
65.1744
65.1744
65.1744
65.1744
65.1744
65.1744
65.1744
65.1744
65.1744
65.1744
65.1744
65.1744
65.1744
65.1744
65.1744
65.1744
65.1744
65.1744
65.1744
65.1744
65.1744
65.1744
65.1744
65.1744
65.1744
65.1744
65.1744
65.1744
65.1744
65.1744
65.1744
65.1744
65.1744
65.1744
65.1744
65.1744
65.1744
65.1744
65.1744
65.1744
65.1744
65.1744
65.1744
65.1744
65.1744
65.1744
65.1744
65.1744
65.1744
65.1744
65.1744
65.1744
65.1744
65.1744
65.1744
65.1744
65.1744
65.1744
65.1744
65.1744
65.1744
65.1744
65.1744
65.1744
65.1744
65.1744
65.1744
65.1744
65.1744
65.1744
65.1744
65.1744
65.1744
65.1744
65.1744
65.1744
65.1744
65.1744
65.1744
65.1744
65.1744
65.1744
65.1744
65.1744
65.1744
65.1744
65.1744
65.1744
65.1744
65.1744
65.1744
65.1744
65.1744
65.1744
65.1744
65.1744
65.1744
65.1744
65.1744
65.1744
65.1744
65.1744
65.1744
65.1744
65.1744
65.1744
65.1744
65.1744
65.1744
65.1744
65.1744
65.1744
65.1744
65.1744
65.1744
65.1744
65.1744
65.1744
65.1744
65.1744
65.1744
65.1744
65.1744
65.1744
65.1744
65.1744
65.1744
65.1744
65.1744
65.1744
65.1744
65.1744
65.1744
65.1744
65.1744
65.1744
65.1744
65.1744
65.1744
65.1744
65.1744
65.1744
65.1744
65.1744
65.1744
65.1744
65.1744
65.1744
65.1744
65.1744
65.1744
65.1744
65.1744
65.1744
65.1744
65.1744
65.1744
65.1744
65.1744
65.1744
65.1744
65.1744
65.1744
65.1744
65.1744
65.1744
65.1744
65.1744
65.1744
65.1744
65.1744
65.1744
65.1744
65.1744
65.1744
65.1744
65.1744
65.1744
65.1744
65.1744
65.1744
65.1744
65.1744
65.1744
65.1744
65.1744
65.1744
65.1744
65.1744
65.1744
65.1744
65.1744
65.1744
65.1744
65.1744
65.1744
65.1744
65.1744
65.1744
65.1744
65.1744
65.1744
65.1744
65.1744
65.1744
65.1744
65.1744
65.1744
65.1744
65.1744
65.1744
65.1744
65.1744
65.1744
65.1744
65.1744
65.1744
65.1744
65.1744
65.1744
65.1744
65.1744
65.1743
65.1743
65.1743
65.1743
65.1743
65.1743
65.1743
65.1743
65.1743
65.1743
65.1742
65.1742
65.1742
65.1742
65.1742
65.1741
65.1741
65.1741
65.1741
65.174
65.174
65.174
65.1739
65.1739
65.1738
65.1738
65.1737
65.1737
65.1736
65.1736
65.1735
65.1734
65.1733
65.1733
65.1732
65.1731
65.173
65.1729
65.1728
65.1727
65.1726
65.1724
65.1723
65.1721
65.172
65.1718
65.1717
65.1715
65.1713
65.1711
65.1709
65.1707
65.1705
65.1703
65.17
65.1698
65.1695
65.1693
65.169
65.1687
65.1684
65.168
65.1677
65.1674
65.1674
61.5721
61.5721
61.5721
61.5722
61.5723
61.5725
61.5726
61.5727
61.5729
61.573
61.5731
61.5733
61.5734
61.5735
61.5736
61.5738
61.5739
61.574
61.5741
61.5742
61.5743
61.5744
61.5745
61.5746
61.5746
61.5747
61.5748
61.5749
61.5749
61.575
61.575
61.5751
61.5751
61.5752
61.5752
61.5753
61.5753
61.5754
61.5754
61.5754
61.5755
61.5755
61.5755
61.5755
61.5756
61.5756
61.5756
61.5756
61.5756
61.5757
61.5757
61.5757
61.5757
61.5757
61.5757
61.5757
61.5757
61.5758
61.5758
61.5758
61.5758
61.5758
61.5758
61.5758
61.5758
61.5758
61.5758
61.5758
61.5758
61.5758
61.5758
61.5758
61.5758
61.5758
61.5758
61.5758
61.5758
61.5758
61.5758
61.5758
61.5758
61.5758
61.5758
61.5758
61.5758
61.5758
61.5758
61.5758
61.5758
61.5758
61.5758
61.5758
61.5758
61.5758
61.5758
61.5758
61.5758
61.5758
61.5758
61.5758
61.5758
61.5758
61.5758
61.5758
61.5758
61.5758
61.5758
61.5758
61.5758
61.5758
61.5758
61.5758
61.5758
61.5758
61.5758
61.5758
61.5758
61.5758
61.5758
61.5758
61.5758
61.5758
61.5758
61.5758
61.5758
61.5758
61.5758
61.5758
61.5758
61.5758
61.5758
61.5758
61.5758
61.5758
61.5758
61.5758
61.5758
61.5758
61.5758
61.5758
61.5758
61.5758
61.5758
61.5758
61.5758
61.5758
61.5758
61.5758
61.5758
61.5758
61.5758
61.5758
61.5758
61.5758
61.5758
61.5758
61.5758
61.5758
61.5758
61.5758
61.5758
61.5758
61.5758
61.5758
61.5758
61.5758
61.5758
61.5758
61.5758
61.5758
61.5758
61.5758
61.5758
61.5758
61.5758
61.5758
61.5758
61.5758
61.5758
61.5758
61.5758
61.5758
61.5758
61.5758
61.5758
61.5758
61.5758
61.5758
61.5758
61.5758
61.5758
61.5758
61.5758
61.5758
61.5758
61.5758
61.5758
61.5758
61.5758
61.5758
61.5758
61.5758
61.5758
61.5758
61.5758
61.5758
61.5758
61.5758
61.5758
61.5758
61.5758
61.5758
61.5758
61.5758
61.5758
61.5758
61.5758
61.5758
61.5758
61.5758
61.5758
61.5758
61.5758
61.5758
61.5758
61.5758
61.5758
61.5758
61.5758
61.5758
61.5758
61.5758
61.5758
61.5758
61.5758
61.5758
61.5758
61.5758
61.5758
61.5758
61.5758
61.5758
61.5758
61.5758
61.5758
61.5758
61.5758
61.5758
61.5758
61.5758
61.5758
61.5758
61.5758
61.5758
61.5758
61.5758
61.5758
61.5758
61.5758
61.5758
61.5758
61.5758
61.5758
61.5758
61.5758
61.5758
61.5758
61.5758
61.5758
61.5758
61.5758
61.5758
61.5758
61.5758
61.5758
61.5758
61.5758
61.5758
61.5758
61.5758
61.5758
61.5758
61.5758
61.5758
61.5758
61.5758
61.5758
61.5758
61.5758
61.5758
61.5758
61.5758
61.5758
61.5758
61.5758
61.5758
61.5758
61.5758
61.5758
61.5758
61.5758
61.5758
61.5758
61.5758
61.5758
61.5758
61.5758
61.5758
61.5758
61.5758
61.5758
61.5758
61.5758
61.5758
61.5758
61.5758
61.5758
61.5758
61.5758
61.5758
61.5758
61.5758
61.5758
61.5758
61.5758
61.5758
61.5758
61.5758
61.5758
61.5758
61.5758
61.5758
61.5758
61.5758
61.5758
61.5758
61.5758
61.5758
61.5758
61.5758
61.5757
61.5757
61.5757
61.5757
61.5757
61.5757
61.5757
61.5756
61.5756
61.5756
61.5756
61.5756
61.5755
61.5755
61.5755
61.5755
61.5754
61.5754
61.5753
61.5753
61.5753
61.5752
61.5752
61.5751
61.575
61.575
61.5749
61.5748
61.5748
61.5747
61.5746
61.5745
61.5744
61.5743
61.5742
61.5741
61.574
61.5738
61.5737
61.5736
61.5734
61.5733
61.5731
61.5729
61.5727
61.5726
61.5724
61.5722
61.5719
61.5717
61.5715
61.5712
61.571
61.5707
61.5704
61.5701
61.5698
61.5695
61.5692
61.5692
)
;

boundaryField
{
    topWall
    {
        type            groovyBC;
        refValue        uniform 0;
        refGradient     uniform 0;
        valueFraction   nonuniform List<scalar> 
400
(
0.030303
0.030303
0.030303
0.030303
0.030303
0.030303
0.030303
0.030303
0.030303
0.030303
0.030303
0.030303
0.030303
0.030303
0.030303
0.030303
0.030303
0.030303
0.030303
0.030303
0.030303
0.030303
0.030303
0.030303
0.030303
0.030303
0.030303
0.030303
0.030303
0.030303
0.030303
0.030303
0.030303
0.030303
0.030303
0.030303
0.030303
0.030303
0.030303
0.030303
0.030303
0.030303
0.030303
0.030303
0.030303
0.030303
0.030303
0.030303
0.030303
0.030303
0.030303
0.030303
0.030303
0.030303
0.030303
0.030303
0.030303
0.030303
0.030303
0.030303
0.030303
0.030303
0.030303
0.030303
0.030303
0.030303
0.030303
0.030303
0.030303
0.030303
0.030303
0.030303
0.030303
0.030303
0.030303
0.030303
0.030303
0.030303
0.030303
0.030303
0.030303
0.030303
0.030303
0.030303
0.030303
0.030303
0.030303
0.030303
0.030303
0.030303
0.030303
0.030303
0.030303
0.030303
0.030303
0.030303
0.030303
0.030303
0.030303
0.030303
0.030303
0.030303
0.030303
0.030303
0.030303
0.030303
0.030303
0.030303
0.030303
0.030303
0.030303
0.030303
0.030303
0.030303
0.030303
0.030303
0.030303
0.030303
0.030303
0.030303
0.030303
0.030303
0.030303
0.030303
0.030303
0.030303
0.030303
0.030303
0.030303
0.030303
0.030303
0.030303
0.030303
0.030303
0.030303
0.030303
0.030303
0.030303
0.030303
0.030303
0.030303
0.030303
0.030303
0.030303
0.030303
0.030303
0.030303
0.030303
0.030303
0.030303
0.030303
0.030303
0.030303
0.030303
0.030303
0.030303
0.030303
0.030303
0.030303
0.030303
0.030303
0.030303
0.030303
0.030303
0.030303
0.030303
0.030303
0.030303
0.030303
0.030303
0.030303
0.030303
0.030303
0.030303
0.030303
0.030303
0.030303
0.030303
0.030303
0.030303
0.030303
0.030303
0.030303
0.030303
0.030303
0.030303
0.030303
0.030303
0.030303
0.030303
0.030303
0.030303
0.030303
0.030303
0.030303
0.030303
0.030303
0.030303
0.030303
0.030303
0.030303
0.030303
0.030303
0.030303
0.030303
0.030303
0.030303
0.030303
0.030303
0.030303
0.030303
0.030303
0.030303
0.030303
0.030303
0.030303
0.030303
0.030303
0.030303
0.030303
0.030303
0.030303
0.030303
0.030303
0.030303
0.030303
0.030303
0.030303
0.030303
0.030303
0.030303
0.030303
0.030303
0.030303
0.030303
0.030303
0.030303
0.030303
0.030303
0.030303
0.030303
0.030303
0.030303
0.030303
0.030303
0.030303
0.030303
0.030303
0.030303
0.030303
0.030303
0.030303
0.030303
0.030303
0.030303
0.030303
0.030303
0.030303
0.030303
0.030303
0.030303
0.030303
0.030303
0.030303
0.030303
0.030303
0.030303
0.030303
0.030303
0.030303
0.030303
0.030303
0.030303
0.030303
0.030303
0.030303
0.030303
0.030303
0.030303
0.030303
0.030303
0.030303
0.030303
0.030303
0.030303
0.030303
0.030303
0.030303
0.030303
0.030303
0.030303
0.030303
0.030303
0.030303
0.030303
0.030303
0.030303
0.030303
0.030303
0.030303
0.030303
0.030303
0.030303
0.030303
0.030303
0.030303
0.030303
0.030303
0.030303
0.030303
0.030303
0.030303
0.030303
0.030303
0.030303
0.030303
0.030303
0.030303
0.030303
0.030303
0.030303
0.030303
0.030303
0.030303
0.030303
0.030303
0.030303
0.030303
0.030303
0.030303
0.030303
0.030303
0.030303
0.030303
0.030303
0.030303
0.030303
0.030303
0.030303
0.030303
0.030303
0.030303
0.030303
0.030303
0.030303
0.030303
0.030303
0.030303
0.030303
0.030303
0.030303
0.030303
0.030303
0.030303
0.030303
0.030303
0.030303
0.030303
0.030303
0.030303
0.030303
0.030303
0.030303
0.030303
0.030303
0.030303
0.030303
0.030303
0.030303
0.030303
0.030303
0.030303
0.030303
0.030303
0.030303
0.030303
0.030303
0.030303
0.030303
0.030303
0.030303
0.030303
0.030303
0.030303
0.030303
0.030303
0.030303
0.030303
0.030303
0.030303
0.030303
0.030303
0.030303
0.030303
0.030303
0.030303
0.030303
0.030303
0.030303
0.030303
)
;
        value           nonuniform List<scalar> 
400
(
59.7063
59.7063
59.7063
59.7064
59.7065
59.7066
59.7068
59.7069
59.707
59.7072
59.7073
59.7074
59.7075
59.7077
59.7078
59.7079
59.708
59.7081
59.7082
59.7083
59.7084
59.7085
59.7086
59.7087
59.7087
59.7088
59.7089
59.7089
59.709
59.7091
59.7091
59.7092
59.7092
59.7093
59.7093
59.7094
59.7094
59.7094
59.7095
59.7095
59.7095
59.7096
59.7096
59.7096
59.7096
59.7097
59.7097
59.7097
59.7097
59.7097
59.7098
59.7098
59.7098
59.7098
59.7098
59.7098
59.7098
59.7098
59.7098
59.7098
59.7098
59.7099
59.7099
59.7099
59.7099
59.7099
59.7099
59.7099
59.7099
59.7099
59.7099
59.7099
59.7099
59.7099
59.7099
59.7099
59.7099
59.7099
59.7099
59.7099
59.7099
59.7099
59.7099
59.7099
59.7099
59.7099
59.7099
59.7099
59.7099
59.7099
59.7099
59.7099
59.7099
59.7099
59.7099
59.7099
59.7099
59.7099
59.7099
59.7099
59.7099
59.7099
59.7099
59.7099
59.7099
59.7099
59.7099
59.7099
59.7099
59.7099
59.7099
59.7099
59.7099
59.7099
59.7099
59.7099
59.7099
59.7099
59.7099
59.7099
59.7099
59.7099
59.7099
59.7099
59.7099
59.7099
59.7099
59.7099
59.7099
59.7099
59.7099
59.7099
59.7099
59.7099
59.7099
59.7099
59.7099
59.7099
59.7099
59.7099
59.7099
59.7099
59.7099
59.7099
59.7099
59.7099
59.7099
59.7099
59.7099
59.7099
59.7099
59.7099
59.7099
59.7099
59.7099
59.7099
59.7099
59.7099
59.7099
59.7099
59.7099
59.7099
59.7099
59.7099
59.7099
59.7099
59.7099
59.7099
59.7099
59.7099
59.7099
59.7099
59.7099
59.7099
59.7099
59.7099
59.7099
59.7099
59.7099
59.7099
59.7099
59.7099
59.7099
59.7099
59.7099
59.7099
59.7099
59.7099
59.7099
59.7099
59.7099
59.7099
59.7099
59.7099
59.7099
59.7099
59.7099
59.7099
59.7099
59.7099
59.7099
59.7099
59.7099
59.7099
59.7099
59.7099
59.7099
59.7099
59.7099
59.7099
59.7099
59.7099
59.7099
59.7099
59.7099
59.7099
59.7099
59.7099
59.7099
59.7099
59.7099
59.7099
59.7099
59.7099
59.7099
59.7099
59.7099
59.7099
59.7099
59.7099
59.7099
59.7099
59.7099
59.7099
59.7099
59.7099
59.7099
59.7099
59.7099
59.7099
59.7099
59.7099
59.7099
59.7099
59.7099
59.7099
59.7099
59.7099
59.7099
59.7099
59.7099
59.7099
59.7099
59.7099
59.7099
59.7099
59.7099
59.7099
59.7099
59.7099
59.7099
59.7099
59.7099
59.7099
59.7099
59.7099
59.7099
59.7099
59.7099
59.7099
59.7099
59.7099
59.7099
59.7099
59.7099
59.7099
59.7099
59.7099
59.7099
59.7099
59.7099
59.7099
59.7099
59.7099
59.7099
59.7099
59.7099
59.7099
59.7099
59.7099
59.7099
59.7099
59.7099
59.7099
59.7099
59.7099
59.7099
59.7099
59.7099
59.7099
59.7099
59.7099
59.7099
59.7099
59.7099
59.7099
59.7099
59.7099
59.7099
59.7099
59.7099
59.7099
59.7099
59.7099
59.7099
59.7099
59.7099
59.7099
59.7099
59.7099
59.7099
59.7099
59.7099
59.7099
59.7099
59.7099
59.7099
59.7099
59.7099
59.7099
59.7099
59.7099
59.7099
59.7099
59.7099
59.7098
59.7098
59.7098
59.7098
59.7098
59.7098
59.7098
59.7098
59.7098
59.7098
59.7098
59.7097
59.7097
59.7097
59.7097
59.7097
59.7096
59.7096
59.7096
59.7096
59.7095
59.7095
59.7095
59.7094
59.7094
59.7093
59.7093
59.7092
59.7092
59.7091
59.7091
59.709
59.7089
59.7089
59.7088
59.7087
59.7086
59.7085
59.7084
59.7083
59.7082
59.7081
59.708
59.7078
59.7077
59.7076
59.7074
59.7072
59.7071
59.7069
59.7067
59.7065
59.7063
59.7061
59.7059
59.7057
59.7054
59.7052
59.7049
59.7046
59.7044
59.7041
59.7038
59.7035
59.7035
)
;
        valueExpression "Tinf";
        gradientExpression "0";
        fractionExpression "1/(1+k/(alpha*mag(delta())))";
        evaluateDuringConstruction 0;
        cyclicSlave     0;
        variables       
4
(
"k=0.4;"
"alpha=100;"
"Tinf=0;"
" f=1/(1+k/(alpha*mag(delta())));"
)
;
        timelines       (
);
        lookuptables    (
);
    }
    leftAndRightWalls
    {
        type            zeroGradient;
    }
    axis
    {
        type            symmetryPlane;
        value           nonuniform List<scalar> 
400
(
99.9633
99.9633
99.9637
99.9641
99.9644
99.9648
99.9651
99.9654
99.9657
99.9659
99.9662
99.9665
99.9667
99.9669
99.9671
99.9674
99.9676
99.9678
99.9679
99.9681
99.9683
99.9684
99.9686
99.9687
99.9689
99.969
99.9691
99.9692
99.9693
99.9694
99.9695
99.9696
99.9697
99.9698
99.9699
99.9699
99.97
99.9701
99.9701
99.9702
99.9702
99.9703
99.9703
99.9704
99.9704
99.9704
99.9705
99.9705
99.9705
99.9706
99.9706
99.9706
99.9706
99.9706
99.9707
99.9707
99.9707
99.9707
99.9707
99.9707
99.9707
99.9707
99.9708
99.9708
99.9708
99.9708
99.9708
99.9708
99.9708
99.9708
99.9708
99.9708
99.9708
99.9708
99.9708
99.9708
99.9708
99.9708
99.9708
99.9708
99.9708
99.9708
99.9708
99.9708
99.9708
99.9708
99.9708
99.9708
99.9708
99.9708
99.9708
99.9708
99.9708
99.9708
99.9708
99.9708
99.9708
99.9708
99.9708
99.9708
99.9708
99.9708
99.9708
99.9708
99.9708
99.9708
99.9708
99.9708
99.9708
99.9708
99.9708
99.9708
99.9708
99.9708
99.9708
99.9708
99.9708
99.9708
99.9708
99.9708
99.9708
99.9708
99.9708
99.9708
99.9708
99.9708
99.9708
99.9708
99.9708
99.9708
99.9708
99.9708
99.9708
99.9708
99.9708
99.9708
99.9708
99.9708
99.9708
99.9708
99.9708
99.9708
99.9708
99.9708
99.9708
99.9708
99.9708
99.9708
99.9708
99.9708
99.9708
99.9708
99.9708
99.9708
99.9708
99.9708
99.9708
99.9708
99.9708
99.9708
99.9708
99.9708
99.9708
99.9708
99.9708
99.9708
99.9708
99.9708
99.9708
99.9708
99.9708
99.9708
99.9708
99.9708
99.9708
99.9708
99.9708
99.9708
99.9708
99.9708
99.9708
99.9708
99.9708
99.9708
99.9708
99.9708
99.9708
99.9708
99.9708
99.9708
99.9708
99.9708
99.9708
99.9708
99.9708
99.9708
99.9708
99.9708
99.9708
99.9708
99.9708
99.9708
99.9708
99.9708
99.9708
99.9708
99.9708
99.9708
99.9708
99.9708
99.9708
99.9708
99.9708
99.9708
99.9708
99.9708
99.9708
99.9708
99.9708
99.9708
99.9708
99.9708
99.9708
99.9708
99.9708
99.9708
99.9708
99.9708
99.9708
99.9708
99.9708
99.9708
99.9708
99.9708
99.9708
99.9708
99.9708
99.9708
99.9708
99.9708
99.9708
99.9708
99.9708
99.9708
99.9708
99.9708
99.9708
99.9708
99.9708
99.9708
99.9708
99.9708
99.9708
99.9708
99.9708
99.9708
99.9708
99.9708
99.9708
99.9708
99.9708
99.9708
99.9708
99.9708
99.9708
99.9708
99.9708
99.9708
99.9708
99.9708
99.9708
99.9708
99.9708
99.9708
99.9708
99.9708
99.9708
99.9708
99.9708
99.9708
99.9708
99.9708
99.9708
99.9708
99.9708
99.9708
99.9708
99.9708
99.9708
99.9708
99.9708
99.9708
99.9708
99.9708
99.9708
99.9708
99.9708
99.9708
99.9708
99.9708
99.9708
99.9708
99.9708
99.9708
99.9708
99.9708
99.9708
99.9708
99.9708
99.9708
99.9708
99.9708
99.9708
99.9708
99.9708
99.9708
99.9708
99.9708
99.9708
99.9708
99.9708
99.9708
99.9708
99.9708
99.9708
99.9708
99.9708
99.9708
99.9708
99.9708
99.9708
99.9708
99.9708
99.9708
99.9707
99.9707
99.9707
99.9707
99.9707
99.9707
99.9707
99.9707
99.9706
99.9706
99.9706
99.9706
99.9706
99.9705
99.9705
99.9705
99.9704
99.9704
99.9703
99.9703
99.9703
99.9702
99.9702
99.9701
99.97
99.97
99.9699
99.9698
99.9697
99.9696
99.9695
99.9694
99.9693
99.9692
99.9691
99.969
99.9688
99.9687
99.9685
99.9684
99.9682
99.968
99.9678
99.9676
99.9674
99.9672
99.967
99.9667
99.9665
99.9662
99.9659
99.9657
99.9654
99.9651
99.9648
99.9644
99.9641
99.9638
99.9634
99.9631
99.9627
99.9624
99.9621
99.9618
99.9617
99.9616
)
;
    }
    frontAndBack
    {
        type            empty;
    }
    solidInterface
    {
        type            zeroGradient;
    }
}


// ************************************************************************* //
