/*--------------------------------*- C++ -*----------------------------------*\
| =========                 |                                                 |
| \\      /  F ield         | foam-extend: Open Source CFD                    |
|  \\    /   O peration     | Version:     4.0                                |
|   \\  /    A nd           | Web:         http://www.foam-extend.org         |
|    \\/     M anipulation  |                                                 |
\*---------------------------------------------------------------------------*/
FoamFile
{
    version     2.0;
    format      ascii;
    class       volScalarField;
    location    "0";
    object      resT;
}
// * * * * * * * * * * * * * * * * * * * * * * * * * * * * * * * * * * * * * //

dimensions      [0 0 0 1 0 0 0];

internalField   nonuniform List<scalar> 
8000
(
-48.4726
-48.4725
-48.4722
-48.4718
-48.4715
-48.4711
-48.4708
-48.4705
-48.4702
-48.4699
-48.4697
-48.4694
-48.4692
-48.469
-48.4687
-48.4685
-48.4683
-48.4681
-48.4679
-48.4678
-48.4676
-48.4674
-48.4673
-48.4672
-48.467
-48.4669
-48.4668
-48.4667
-48.4666
-48.4664
-48.4664
-48.4663
-48.4662
-48.4661
-48.466
-48.4659
-48.4659
-48.4658
-48.4658
-48.4657
-48.4657
-48.4656
-48.4656
-48.4655
-48.4655
-48.4654
-48.4654
-48.4654
-48.4654
-48.4653
-48.4653
-48.4653
-48.4653
-48.4652
-48.4652
-48.4652
-48.4652
-48.4652
-48.4652
-48.4652
-48.4651
-48.4651
-48.4651
-48.4651
-48.4651
-48.4651
-48.4651
-48.4651
-48.4651
-48.4651
-48.4651
-48.4651
-48.4651
-48.4651
-48.4651
-48.4651
-48.4651
-48.4651
-48.4651
-48.4651
-48.4651
-48.4651
-48.4651
-48.4651
-48.4651
-48.4651
-48.4651
-48.4651
-48.4651
-48.4651
-48.4651
-48.4651
-48.4651
-48.4651
-48.4651
-48.4651
-48.4651
-48.4651
-48.4651
-48.4651
-48.4651
-48.4651
-48.4651
-48.4651
-48.4651
-48.4651
-48.4651
-48.4651
-48.4651
-48.4651
-48.4651
-48.4651
-48.4651
-48.4651
-48.4651
-48.4651
-48.4651
-48.4651
-48.4651
-48.4651
-48.4651
-48.4651
-48.4651
-48.4651
-48.4651
-48.4651
-48.4651
-48.4651
-48.4651
-48.4651
-48.4651
-48.4651
-48.4651
-48.4651
-48.4651
-48.4651
-48.4651
-48.4651
-48.4651
-48.4651
-48.4651
-48.4651
-48.4651
-48.4651
-48.4651
-48.4651
-48.4651
-48.4651
-48.4651
-48.4651
-48.4651
-48.4651
-48.4651
-48.4651
-48.4651
-48.4651
-48.4651
-48.4651
-48.4651
-48.4651
-48.4651
-48.4651
-48.4651
-48.4651
-48.4651
-48.4651
-48.4651
-48.4651
-48.4651
-48.4651
-48.4651
-48.4651
-48.4651
-48.4651
-48.4651
-48.4651
-48.4651
-48.4651
-48.4651
-48.4651
-48.4651
-48.4651
-48.4651
-48.4651
-48.4651
-48.4651
-48.4651
-48.4651
-48.4651
-48.4651
-48.4651
-48.4651
-48.4651
-48.4651
-48.4651
-48.4651
-48.4651
-48.4651
-48.4651
-48.4651
-48.4651
-48.4651
-48.4651
-48.4651
-48.4651
-48.4651
-48.4651
-48.4651
-48.4651
-48.4651
-48.4651
-48.4651
-48.4651
-48.4651
-48.4651
-48.4651
-48.4651
-48.4651
-48.4651
-48.4651
-48.4651
-48.4651
-48.4651
-48.4651
-48.4651
-48.4651
-48.4651
-48.4651
-48.4651
-48.4651
-48.4651
-48.4651
-48.4651
-48.4651
-48.4651
-48.4651
-48.4651
-48.4651
-48.4651
-48.4651
-48.4651
-48.4651
-48.4651
-48.4651
-48.4651
-48.4651
-48.4651
-48.4651
-48.4651
-48.4651
-48.4651
-48.4651
-48.4651
-48.4651
-48.4651
-48.4651
-48.4651
-48.4651
-48.4651
-48.4651
-48.4651
-48.4651
-48.4651
-48.465
-48.465
-48.465
-48.465
-48.465
-48.465
-48.465
-48.465
-48.465
-48.465
-48.465
-48.465
-48.465
-48.465
-48.465
-48.465
-48.465
-48.465
-48.465
-48.465
-48.465
-48.465
-48.465
-48.465
-48.465
-48.465
-48.465
-48.465
-48.465
-48.465
-48.465
-48.465
-48.465
-48.465
-48.465
-48.465
-48.465
-48.465
-48.465
-48.465
-48.465
-48.465
-48.465
-48.465
-48.465
-48.465
-48.465
-48.465
-48.465
-48.465
-48.465
-48.465
-48.465
-48.465
-48.465
-48.465
-48.465
-48.465
-48.465
-48.465
-48.465
-48.465
-48.465
-48.465
-48.465
-48.465
-48.465
-48.465
-48.465
-48.465
-48.465
-48.465
-48.465
-48.4649
-48.4649
-48.4649
-48.4649
-48.4649
-48.4649
-48.4649
-48.4648
-48.4648
-48.4648
-48.4648
-48.4647
-48.4647
-48.4647
-48.4646
-48.4646
-48.4646
-48.4645
-48.4645
-48.4644
-48.4644
-48.4643
-48.4642
-48.4642
-48.4641
-48.464
-48.4639
-48.4639
-48.4638
-48.4637
-48.4635
-48.4634
-48.4633
-48.4632
-48.463
-48.4629
-48.4627
-48.4626
-48.4624
-48.4622
-48.462
-48.4618
-48.4616
-48.4614
-48.4612
-48.4609
-48.4607
-48.4604
-48.4602
-48.4599
-48.4596
-48.4593
-48.459
-48.4587
-48.4583
-48.458
-48.4576
-48.4573
-48.457
-48.4566
-48.4563
-48.4561
-48.4559
-48.4558
-48.256
-48.2559
-48.2556
-48.2552
-48.2549
-48.2545
-48.2542
-48.2539
-48.2536
-48.2533
-48.2531
-48.2528
-48.2526
-48.2523
-48.2521
-48.2519
-48.2517
-48.2515
-48.2513
-48.2512
-48.251
-48.2508
-48.2507
-48.2505
-48.2504
-48.2503
-48.2502
-48.25
-48.2499
-48.2498
-48.2497
-48.2496
-48.2496
-48.2495
-48.2494
-48.2493
-48.2493
-48.2492
-48.2491
-48.2491
-48.249
-48.249
-48.2489
-48.2489
-48.2489
-48.2488
-48.2488
-48.2488
-48.2487
-48.2487
-48.2487
-48.2487
-48.2486
-48.2486
-48.2486
-48.2486
-48.2486
-48.2486
-48.2485
-48.2485
-48.2485
-48.2485
-48.2485
-48.2485
-48.2485
-48.2485
-48.2485
-48.2485
-48.2485
-48.2485
-48.2485
-48.2485
-48.2485
-48.2485
-48.2485
-48.2484
-48.2484
-48.2484
-48.2484
-48.2484
-48.2484
-48.2484
-48.2484
-48.2484
-48.2484
-48.2484
-48.2484
-48.2484
-48.2484
-48.2484
-48.2484
-48.2484
-48.2484
-48.2484
-48.2484
-48.2484
-48.2484
-48.2484
-48.2484
-48.2484
-48.2484
-48.2484
-48.2484
-48.2484
-48.2484
-48.2484
-48.2484
-48.2484
-48.2484
-48.2484
-48.2484
-48.2484
-48.2484
-48.2484
-48.2484
-48.2484
-48.2484
-48.2484
-48.2484
-48.2484
-48.2484
-48.2484
-48.2484
-48.2484
-48.2484
-48.2484
-48.2484
-48.2484
-48.2484
-48.2484
-48.2484
-48.2484
-48.2484
-48.2484
-48.2484
-48.2484
-48.2484
-48.2484
-48.2484
-48.2484
-48.2484
-48.2484
-48.2484
-48.2484
-48.2484
-48.2484
-48.2484
-48.2484
-48.2484
-48.2484
-48.2484
-48.2484
-48.2484
-48.2484
-48.2484
-48.2484
-48.2484
-48.2484
-48.2484
-48.2484
-48.2484
-48.2484
-48.2484
-48.2484
-48.2484
-48.2484
-48.2484
-48.2484
-48.2484
-48.2484
-48.2484
-48.2484
-48.2484
-48.2484
-48.2484
-48.2484
-48.2484
-48.2484
-48.2484
-48.2484
-48.2484
-48.2484
-48.2484
-48.2484
-48.2484
-48.2484
-48.2484
-48.2484
-48.2484
-48.2484
-48.2484
-48.2484
-48.2484
-48.2484
-48.2484
-48.2484
-48.2484
-48.2484
-48.2484
-48.2484
-48.2484
-48.2484
-48.2484
-48.2484
-48.2484
-48.2484
-48.2484
-48.2484
-48.2484
-48.2484
-48.2484
-48.2484
-48.2484
-48.2484
-48.2484
-48.2484
-48.2484
-48.2484
-48.2484
-48.2484
-48.2484
-48.2484
-48.2484
-48.2484
-48.2484
-48.2484
-48.2484
-48.2484
-48.2484
-48.2484
-48.2484
-48.2484
-48.2484
-48.2484
-48.2484
-48.2484
-48.2484
-48.2484
-48.2484
-48.2484
-48.2484
-48.2484
-48.2484
-48.2484
-48.2484
-48.2484
-48.2484
-48.2484
-48.2484
-48.2484
-48.2484
-48.2484
-48.2484
-48.2484
-48.2484
-48.2484
-48.2484
-48.2484
-48.2484
-48.2484
-48.2484
-48.2484
-48.2484
-48.2484
-48.2484
-48.2484
-48.2484
-48.2484
-48.2484
-48.2484
-48.2484
-48.2484
-48.2484
-48.2484
-48.2484
-48.2484
-48.2484
-48.2484
-48.2484
-48.2484
-48.2484
-48.2484
-48.2484
-48.2484
-48.2484
-48.2484
-48.2484
-48.2484
-48.2484
-48.2484
-48.2484
-48.2484
-48.2484
-48.2484
-48.2484
-48.2484
-48.2484
-48.2484
-48.2484
-48.2484
-48.2484
-48.2484
-48.2484
-48.2484
-48.2484
-48.2484
-48.2484
-48.2484
-48.2484
-48.2484
-48.2484
-48.2484
-48.2484
-48.2484
-48.2484
-48.2484
-48.2484
-48.2484
-48.2484
-48.2484
-48.2484
-48.2484
-48.2484
-48.2484
-48.2484
-48.2484
-48.2484
-48.2484
-48.2484
-48.2484
-48.2484
-48.2484
-48.2484
-48.2484
-48.2483
-48.2483
-48.2483
-48.2483
-48.2483
-48.2483
-48.2483
-48.2483
-48.2482
-48.2482
-48.2482
-48.2482
-48.2482
-48.2481
-48.2481
-48.2481
-48.248
-48.248
-48.248
-48.2479
-48.2479
-48.2478
-48.2478
-48.2477
-48.2476
-48.2476
-48.2475
-48.2474
-48.2473
-48.2472
-48.2471
-48.247
-48.2469
-48.2468
-48.2467
-48.2466
-48.2464
-48.2463
-48.2461
-48.246
-48.2458
-48.2456
-48.2454
-48.2452
-48.245
-48.2448
-48.2446
-48.2443
-48.2441
-48.2438
-48.2436
-48.2433
-48.243
-48.2427
-48.2424
-48.242
-48.2417
-48.2414
-48.241
-48.2407
-48.2403
-48.24
-48.2397
-48.2394
-48.2392
-48.2391
-47.822
-47.8219
-47.8216
-47.8212
-47.8208
-47.8205
-47.8202
-47.8198
-47.8196
-47.8193
-47.819
-47.8188
-47.8185
-47.8183
-47.8181
-47.8178
-47.8176
-47.8174
-47.8173
-47.8171
-47.8169
-47.8168
-47.8166
-47.8165
-47.8163
-47.8162
-47.8161
-47.816
-47.8159
-47.8158
-47.8157
-47.8156
-47.8155
-47.8154
-47.8153
-47.8153
-47.8152
-47.8151
-47.8151
-47.815
-47.815
-47.8149
-47.8149
-47.8148
-47.8148
-47.8147
-47.8147
-47.8147
-47.8147
-47.8146
-47.8146
-47.8146
-47.8146
-47.8145
-47.8145
-47.8145
-47.8145
-47.8145
-47.8145
-47.8145
-47.8144
-47.8144
-47.8144
-47.8144
-47.8144
-47.8144
-47.8144
-47.8144
-47.8144
-47.8144
-47.8144
-47.8144
-47.8144
-47.8144
-47.8144
-47.8144
-47.8144
-47.8144
-47.8144
-47.8144
-47.8144
-47.8144
-47.8144
-47.8144
-47.8144
-47.8144
-47.8144
-47.8144
-47.8144
-47.8143
-47.8143
-47.8143
-47.8143
-47.8143
-47.8143
-47.8143
-47.8143
-47.8143
-47.8143
-47.8143
-47.8143
-47.8143
-47.8143
-47.8143
-47.8143
-47.8143
-47.8143
-47.8143
-47.8143
-47.8143
-47.8143
-47.8143
-47.8143
-47.8143
-47.8143
-47.8143
-47.8143
-47.8143
-47.8143
-47.8143
-47.8143
-47.8143
-47.8143
-47.8143
-47.8143
-47.8143
-47.8143
-47.8143
-47.8143
-47.8143
-47.8143
-47.8143
-47.8143
-47.8143
-47.8143
-47.8143
-47.8143
-47.8143
-47.8143
-47.8143
-47.8143
-47.8143
-47.8143
-47.8143
-47.8143
-47.8143
-47.8143
-47.8143
-47.8143
-47.8143
-47.8143
-47.8143
-47.8143
-47.8143
-47.8143
-47.8143
-47.8143
-47.8143
-47.8143
-47.8143
-47.8143
-47.8143
-47.8143
-47.8143
-47.8143
-47.8143
-47.8143
-47.8143
-47.8143
-47.8143
-47.8143
-47.8143
-47.8143
-47.8143
-47.8143
-47.8143
-47.8143
-47.8143
-47.8143
-47.8143
-47.8143
-47.8143
-47.8143
-47.8143
-47.8143
-47.8143
-47.8143
-47.8143
-47.8143
-47.8143
-47.8143
-47.8143
-47.8143
-47.8143
-47.8143
-47.8143
-47.8143
-47.8143
-47.8143
-47.8143
-47.8143
-47.8143
-47.8143
-47.8143
-47.8143
-47.8143
-47.8143
-47.8143
-47.8143
-47.8143
-47.8143
-47.8143
-47.8143
-47.8143
-47.8143
-47.8143
-47.8143
-47.8143
-47.8143
-47.8143
-47.8143
-47.8143
-47.8143
-47.8143
-47.8143
-47.8143
-47.8143
-47.8143
-47.8143
-47.8143
-47.8143
-47.8143
-47.8143
-47.8143
-47.8143
-47.8143
-47.8143
-47.8143
-47.8143
-47.8143
-47.8143
-47.8143
-47.8143
-47.8143
-47.8143
-47.8143
-47.8143
-47.8143
-47.8143
-47.8143
-47.8143
-47.8143
-47.8143
-47.8143
-47.8143
-47.8143
-47.8143
-47.8143
-47.8143
-47.8143
-47.8143
-47.8143
-47.8143
-47.8143
-47.8143
-47.8143
-47.8143
-47.8143
-47.8143
-47.8143
-47.8143
-47.8143
-47.8143
-47.8143
-47.8143
-47.8143
-47.8143
-47.8143
-47.8143
-47.8143
-47.8143
-47.8143
-47.8143
-47.8143
-47.8143
-47.8143
-47.8143
-47.8143
-47.8143
-47.8143
-47.8143
-47.8143
-47.8143
-47.8143
-47.8143
-47.8143
-47.8143
-47.8143
-47.8143
-47.8143
-47.8143
-47.8143
-47.8143
-47.8143
-47.8143
-47.8143
-47.8143
-47.8143
-47.8143
-47.8143
-47.8143
-47.8143
-47.8143
-47.8143
-47.8143
-47.8143
-47.8143
-47.8143
-47.8143
-47.8143
-47.8143
-47.8143
-47.8143
-47.8143
-47.8143
-47.8143
-47.8143
-47.8143
-47.8143
-47.8143
-47.8143
-47.8143
-47.8143
-47.8143
-47.8143
-47.8143
-47.8142
-47.8142
-47.8142
-47.8142
-47.8142
-47.8142
-47.8142
-47.8141
-47.8141
-47.8141
-47.8141
-47.814
-47.814
-47.814
-47.8139
-47.8139
-47.8139
-47.8138
-47.8138
-47.8137
-47.8137
-47.8136
-47.8136
-47.8135
-47.8134
-47.8133
-47.8132
-47.8132
-47.8131
-47.813
-47.8129
-47.8127
-47.8126
-47.8125
-47.8124
-47.8122
-47.8121
-47.8119
-47.8117
-47.8115
-47.8114
-47.8112
-47.811
-47.8107
-47.8105
-47.8103
-47.81
-47.8098
-47.8095
-47.8092
-47.8089
-47.8086
-47.8083
-47.808
-47.8076
-47.8073
-47.807
-47.8066
-47.8063
-47.8059
-47.8055
-47.8052
-47.8049
-47.8049
-47.1686
-47.1684
-47.1681
-47.1677
-47.1673
-47.167
-47.1667
-47.1664
-47.1661
-47.1658
-47.1655
-47.1653
-47.165
-47.1648
-47.1645
-47.1643
-47.1641
-47.1639
-47.1637
-47.1636
-47.1634
-47.1632
-47.1631
-47.1629
-47.1628
-47.1627
-47.1626
-47.1624
-47.1623
-47.1622
-47.1621
-47.162
-47.162
-47.1619
-47.1618
-47.1617
-47.1617
-47.1616
-47.1615
-47.1615
-47.1614
-47.1614
-47.1613
-47.1613
-47.1612
-47.1612
-47.1612
-47.1611
-47.1611
-47.1611
-47.1611
-47.161
-47.161
-47.161
-47.161
-47.161
-47.161
-47.1609
-47.1609
-47.1609
-47.1609
-47.1609
-47.1609
-47.1609
-47.1609
-47.1609
-47.1609
-47.1609
-47.1609
-47.1608
-47.1608
-47.1608
-47.1608
-47.1608
-47.1608
-47.1608
-47.1608
-47.1608
-47.1608
-47.1608
-47.1608
-47.1608
-47.1608
-47.1608
-47.1608
-47.1608
-47.1608
-47.1608
-47.1608
-47.1608
-47.1608
-47.1608
-47.1608
-47.1608
-47.1608
-47.1608
-47.1608
-47.1608
-47.1608
-47.1608
-47.1608
-47.1608
-47.1608
-47.1608
-47.1608
-47.1608
-47.1608
-47.1608
-47.1608
-47.1608
-47.1608
-47.1608
-47.1608
-47.1608
-47.1608
-47.1608
-47.1608
-47.1608
-47.1608
-47.1608
-47.1608
-47.1608
-47.1608
-47.1608
-47.1608
-47.1608
-47.1608
-47.1608
-47.1608
-47.1608
-47.1608
-47.1608
-47.1608
-47.1608
-47.1608
-47.1608
-47.1608
-47.1608
-47.1608
-47.1608
-47.1608
-47.1608
-47.1608
-47.1608
-47.1608
-47.1608
-47.1608
-47.1608
-47.1608
-47.1608
-47.1608
-47.1608
-47.1608
-47.1608
-47.1608
-47.1608
-47.1608
-47.1608
-47.1608
-47.1608
-47.1608
-47.1608
-47.1608
-47.1608
-47.1608
-47.1608
-47.1608
-47.1608
-47.1608
-47.1608
-47.1608
-47.1608
-47.1608
-47.1608
-47.1608
-47.1608
-47.1608
-47.1608
-47.1608
-47.1608
-47.1608
-47.1608
-47.1608
-47.1608
-47.1608
-47.1608
-47.1608
-47.1608
-47.1608
-47.1608
-47.1608
-47.1608
-47.1608
-47.1608
-47.1608
-47.1608
-47.1608
-47.1608
-47.1608
-47.1608
-47.1608
-47.1608
-47.1608
-47.1608
-47.1608
-47.1608
-47.1608
-47.1608
-47.1608
-47.1608
-47.1608
-47.1608
-47.1608
-47.1608
-47.1608
-47.1608
-47.1608
-47.1608
-47.1608
-47.1608
-47.1608
-47.1608
-47.1608
-47.1608
-47.1608
-47.1608
-47.1608
-47.1608
-47.1608
-47.1608
-47.1608
-47.1608
-47.1608
-47.1608
-47.1608
-47.1608
-47.1608
-47.1608
-47.1608
-47.1608
-47.1608
-47.1608
-47.1608
-47.1608
-47.1608
-47.1608
-47.1608
-47.1608
-47.1608
-47.1608
-47.1608
-47.1608
-47.1608
-47.1608
-47.1608
-47.1608
-47.1608
-47.1608
-47.1608
-47.1608
-47.1608
-47.1608
-47.1608
-47.1608
-47.1608
-47.1608
-47.1608
-47.1608
-47.1608
-47.1608
-47.1608
-47.1608
-47.1608
-47.1608
-47.1608
-47.1608
-47.1608
-47.1608
-47.1608
-47.1608
-47.1608
-47.1608
-47.1608
-47.1608
-47.1608
-47.1608
-47.1608
-47.1608
-47.1608
-47.1608
-47.1608
-47.1608
-47.1608
-47.1608
-47.1608
-47.1608
-47.1608
-47.1608
-47.1608
-47.1608
-47.1608
-47.1608
-47.1608
-47.1608
-47.1608
-47.1608
-47.1608
-47.1608
-47.1608
-47.1608
-47.1608
-47.1608
-47.1608
-47.1608
-47.1608
-47.1608
-47.1608
-47.1608
-47.1608
-47.1608
-47.1608
-47.1608
-47.1608
-47.1608
-47.1608
-47.1608
-47.1608
-47.1608
-47.1608
-47.1608
-47.1608
-47.1608
-47.1607
-47.1607
-47.1607
-47.1607
-47.1607
-47.1607
-47.1607
-47.1607
-47.1607
-47.1606
-47.1606
-47.1606
-47.1606
-47.1606
-47.1605
-47.1605
-47.1605
-47.1604
-47.1604
-47.1604
-47.1603
-47.1603
-47.1602
-47.1602
-47.1601
-47.1601
-47.16
-47.16
-47.1599
-47.1598
-47.1597
-47.1596
-47.1595
-47.1594
-47.1593
-47.1592
-47.1591
-47.159
-47.1588
-47.1587
-47.1585
-47.1584
-47.1582
-47.158
-47.1578
-47.1576
-47.1574
-47.1572
-47.157
-47.1568
-47.1565
-47.1562
-47.156
-47.1557
-47.1554
-47.1551
-47.1548
-47.1545
-47.1541
-47.1538
-47.1534
-47.1531
-47.1527
-47.1523
-47.152
-47.1516
-47.1512
-47.1512
-46.2927
-46.2926
-46.2923
-46.2919
-46.2915
-46.2911
-46.2908
-46.2905
-46.2902
-46.2899
-46.2896
-46.2894
-46.2891
-46.2889
-46.2887
-46.2884
-46.2882
-46.288
-46.2879
-46.2877
-46.2875
-46.2873
-46.2872
-46.287
-46.2869
-46.2868
-46.2867
-46.2865
-46.2864
-46.2863
-46.2862
-46.2861
-46.286
-46.286
-46.2859
-46.2858
-46.2857
-46.2857
-46.2856
-46.2856
-46.2855
-46.2855
-46.2854
-46.2854
-46.2853
-46.2853
-46.2853
-46.2852
-46.2852
-46.2852
-46.2852
-46.2851
-46.2851
-46.2851
-46.2851
-46.2851
-46.285
-46.285
-46.285
-46.285
-46.285
-46.285
-46.285
-46.285
-46.285
-46.2849
-46.2849
-46.2849
-46.2849
-46.2849
-46.2849
-46.2849
-46.2849
-46.2849
-46.2849
-46.2849
-46.2849
-46.2849
-46.2849
-46.2849
-46.2849
-46.2849
-46.2849
-46.2849
-46.2849
-46.2849
-46.2849
-46.2849
-46.2849
-46.2849
-46.2849
-46.2849
-46.2849
-46.2849
-46.2849
-46.2849
-46.2849
-46.2849
-46.2849
-46.2849
-46.2849
-46.2849
-46.2849
-46.2849
-46.2849
-46.2849
-46.2849
-46.2849
-46.2849
-46.2849
-46.2849
-46.2849
-46.2849
-46.2849
-46.2849
-46.2849
-46.2849
-46.2849
-46.2849
-46.2849
-46.2849
-46.2849
-46.2849
-46.2849
-46.2849
-46.2849
-46.2849
-46.2849
-46.2849
-46.2849
-46.2849
-46.2849
-46.2849
-46.2849
-46.2849
-46.2849
-46.2849
-46.2849
-46.2849
-46.2849
-46.2849
-46.2849
-46.2849
-46.2849
-46.2849
-46.2849
-46.2849
-46.2849
-46.2849
-46.2849
-46.2849
-46.2849
-46.2849
-46.2849
-46.2849
-46.2849
-46.2849
-46.2849
-46.2849
-46.2849
-46.2849
-46.2849
-46.2849
-46.2849
-46.2849
-46.2849
-46.2849
-46.2849
-46.2849
-46.2849
-46.2849
-46.2849
-46.2849
-46.2849
-46.2849
-46.2849
-46.2849
-46.2849
-46.2849
-46.2849
-46.2849
-46.2849
-46.2849
-46.2849
-46.2849
-46.2849
-46.2849
-46.2849
-46.2849
-46.2849
-46.2849
-46.2849
-46.2849
-46.2849
-46.2849
-46.2849
-46.2849
-46.2849
-46.2849
-46.2849
-46.2849
-46.2849
-46.2849
-46.2849
-46.2849
-46.2849
-46.2849
-46.2849
-46.2849
-46.2849
-46.2849
-46.2849
-46.2849
-46.2849
-46.2849
-46.2849
-46.2849
-46.2849
-46.2849
-46.2849
-46.2849
-46.2849
-46.2849
-46.2849
-46.2849
-46.2849
-46.2849
-46.2849
-46.2849
-46.2849
-46.2849
-46.2849
-46.2849
-46.2849
-46.2849
-46.2849
-46.2849
-46.2849
-46.2849
-46.2849
-46.2849
-46.2849
-46.2849
-46.2849
-46.2849
-46.2849
-46.2849
-46.2849
-46.2849
-46.2849
-46.2849
-46.2849
-46.2849
-46.2849
-46.2849
-46.2849
-46.2849
-46.2849
-46.2849
-46.2849
-46.2849
-46.2849
-46.2849
-46.2849
-46.2849
-46.2849
-46.2849
-46.2849
-46.2849
-46.2849
-46.2849
-46.2849
-46.2849
-46.2849
-46.2849
-46.2849
-46.2849
-46.2849
-46.2849
-46.2849
-46.2849
-46.2849
-46.2849
-46.2849
-46.2849
-46.2849
-46.2849
-46.2849
-46.2849
-46.2849
-46.2849
-46.2849
-46.2849
-46.2849
-46.2849
-46.2849
-46.2849
-46.2849
-46.2849
-46.2849
-46.2849
-46.2849
-46.2849
-46.2849
-46.2849
-46.2849
-46.2849
-46.2849
-46.2849
-46.2849
-46.2849
-46.2849
-46.2849
-46.2849
-46.2849
-46.2849
-46.2849
-46.2849
-46.2849
-46.2849
-46.2849
-46.2849
-46.2849
-46.2849
-46.2849
-46.2849
-46.2849
-46.2849
-46.2848
-46.2848
-46.2848
-46.2848
-46.2848
-46.2848
-46.2848
-46.2848
-46.2848
-46.2848
-46.2848
-46.2848
-46.2847
-46.2847
-46.2847
-46.2847
-46.2847
-46.2846
-46.2846
-46.2846
-46.2846
-46.2845
-46.2845
-46.2845
-46.2844
-46.2844
-46.2843
-46.2843
-46.2842
-46.2842
-46.2841
-46.284
-46.284
-46.2839
-46.2838
-46.2837
-46.2836
-46.2835
-46.2834
-46.2833
-46.2832
-46.2831
-46.2829
-46.2828
-46.2826
-46.2825
-46.2823
-46.2821
-46.2819
-46.2818
-46.2815
-46.2813
-46.2811
-46.2809
-46.2806
-46.2804
-46.2801
-46.2798
-46.2795
-46.2792
-46.2789
-46.2786
-46.2783
-46.2779
-46.2776
-46.2772
-46.2768
-46.2764
-46.276
-46.2756
-46.2752
-46.2752
-45.1903
-45.1902
-45.1898
-45.1894
-45.189
-45.1887
-45.1883
-45.1885
-45.1881
-45.1879
-45.1876
-45.1873
-45.1871
-45.1868
-45.1866
-45.1864
-45.1862
-45.186
-45.1858
-45.1856
-45.1854
-45.1853
-45.1851
-45.185
-45.1848
-45.1847
-45.1846
-45.1844
-45.1843
-45.1842
-45.1841
-45.184
-45.1839
-45.1839
-45.1838
-45.1837
-45.1836
-45.1836
-45.1835
-45.1835
-45.1834
-45.1833
-45.1833
-45.1833
-45.1832
-45.1832
-45.1831
-45.1831
-45.1831
-45.1831
-45.183
-45.183
-45.183
-45.183
-45.183
-45.1829
-45.1829
-45.1829
-45.1829
-45.1829
-45.1829
-45.1829
-45.1829
-45.1828
-45.1828
-45.1828
-45.1828
-45.1828
-45.1828
-45.1828
-45.1828
-45.1828
-45.1828
-45.1828
-45.1828
-45.1828
-45.1828
-45.1828
-45.1828
-45.1828
-45.1828
-45.1828
-45.1828
-45.1828
-45.1828
-45.1828
-45.1828
-45.1828
-45.1828
-45.1828
-45.1828
-45.1828
-45.1828
-45.1828
-45.1828
-45.1828
-45.1828
-45.1828
-45.1828
-45.1828
-45.1828
-45.1828
-45.1828
-45.1828
-45.1828
-45.1828
-45.1828
-45.1828
-45.1828
-45.1828
-45.1828
-45.1828
-45.1828
-45.1828
-45.1828
-45.1828
-45.1828
-45.1828
-45.1828
-45.1828
-45.1828
-45.1828
-45.1828
-45.1828
-45.1828
-45.1828
-45.1828
-45.1828
-45.1828
-45.1828
-45.1828
-45.1828
-45.1828
-45.1828
-45.1828
-45.1828
-45.1828
-45.1828
-45.1828
-45.1828
-45.1828
-45.1828
-45.1828
-45.1828
-45.1828
-45.1828
-45.1828
-45.1828
-45.1828
-45.1828
-45.1828
-45.1828
-45.1828
-45.1828
-45.1828
-45.1828
-45.1828
-45.1828
-45.1828
-45.1828
-45.1828
-45.1828
-45.1828
-45.1828
-45.1828
-45.1828
-45.1828
-45.1828
-45.1828
-45.1828
-45.1828
-45.1828
-45.1828
-45.1828
-45.1828
-45.1828
-45.1828
-45.1828
-45.1828
-45.1828
-45.1828
-45.1828
-45.1828
-45.1828
-45.1828
-45.1828
-45.1828
-45.1828
-45.1828
-45.1828
-45.1828
-45.1828
-45.1828
-45.1828
-45.1828
-45.1828
-45.1828
-45.1828
-45.1828
-45.1828
-45.1828
-45.1828
-45.1828
-45.1828
-45.1828
-45.1828
-45.1828
-45.1828
-45.1828
-45.1828
-45.1828
-45.1828
-45.1828
-45.1828
-45.1828
-45.1828
-45.1828
-45.1828
-45.1828
-45.1828
-45.1828
-45.1828
-45.1828
-45.1828
-45.1828
-45.1828
-45.1828
-45.1828
-45.1828
-45.1828
-45.1828
-45.1828
-45.1828
-45.1828
-45.1828
-45.1828
-45.1828
-45.1828
-45.1828
-45.1828
-45.1828
-45.1828
-45.1828
-45.1828
-45.1828
-45.1828
-45.1828
-45.1828
-45.1828
-45.1828
-45.1828
-45.1828
-45.1828
-45.1828
-45.1828
-45.1828
-45.1828
-45.1828
-45.1828
-45.1828
-45.1828
-45.1828
-45.1828
-45.1828
-45.1828
-45.1828
-45.1828
-45.1828
-45.1828
-45.1828
-45.1828
-45.1828
-45.1828
-45.1828
-45.1828
-45.1828
-45.1828
-45.1828
-45.1828
-45.1828
-45.1828
-45.1828
-45.1828
-45.1828
-45.1828
-45.1828
-45.1828
-45.1828
-45.1828
-45.1828
-45.1828
-45.1828
-45.1828
-45.1828
-45.1828
-45.1828
-45.1828
-45.1828
-45.1828
-45.1828
-45.1828
-45.1828
-45.1828
-45.1828
-45.1828
-45.1828
-45.1828
-45.1828
-45.1828
-45.1828
-45.1828
-45.1828
-45.1828
-45.1828
-45.1828
-45.1828
-45.1828
-45.1828
-45.1828
-45.1828
-45.1828
-45.1828
-45.1828
-45.1827
-45.1827
-45.1827
-45.1827
-45.1827
-45.1827
-45.1827
-45.1827
-45.1827
-45.1827
-45.1827
-45.1827
-45.1827
-45.1827
-45.1827
-45.1827
-45.1826
-45.1826
-45.1826
-45.1826
-45.1826
-45.1826
-45.1825
-45.1825
-45.1825
-45.1824
-45.1824
-45.1824
-45.1823
-45.1823
-45.1823
-45.1822
-45.1822
-45.1821
-45.1821
-45.182
-45.1819
-45.1819
-45.1818
-45.1817
-45.1816
-45.1815
-45.1814
-45.1813
-45.1812
-45.1811
-45.181
-45.1808
-45.1807
-45.1805
-45.1804
-45.1802
-45.18
-45.1799
-45.1797
-45.1795
-45.1792
-45.179
-45.1788
-45.1785
-45.1783
-45.178
-45.1777
-45.177
-45.1767
-45.1764
-45.1761
-45.1757
-45.1754
-45.175
-45.1747
-45.1743
-45.1739
-45.1735
-45.1731
-45.1727
-45.1726
-43.8563
-43.8562
-43.8559
-43.8554
-43.855
-43.8547
-43.8543
-43.8549
-43.8546
-43.8543
-43.854
-43.8537
-43.8535
-43.8532
-43.853
-43.8528
-43.8525
-43.8523
-43.8522
-43.852
-43.8518
-43.8516
-43.8515
-43.8513
-43.8512
-43.851
-43.8509
-43.8508
-43.8507
-43.8506
-43.8505
-43.8504
-43.8503
-43.8502
-43.8501
-43.8501
-43.85
-43.8499
-43.8499
-43.8498
-43.8497
-43.8497
-43.8497
-43.8496
-43.8496
-43.8495
-43.8495
-43.8495
-43.8494
-43.8494
-43.8494
-43.8494
-43.8493
-43.8493
-43.8493
-43.8493
-43.8493
-43.8493
-43.8492
-43.8492
-43.8492
-43.8492
-43.8492
-43.8492
-43.8492
-43.8492
-43.8492
-43.8492
-43.8492
-43.8492
-43.8491
-43.8491
-43.8491
-43.8491
-43.8491
-43.8491
-43.8491
-43.8491
-43.8491
-43.8491
-43.8491
-43.8491
-43.8491
-43.8491
-43.8491
-43.8491
-43.8491
-43.8491
-43.8491
-43.8491
-43.8491
-43.8491
-43.8491
-43.8491
-43.8491
-43.8491
-43.8491
-43.8491
-43.8491
-43.8491
-43.8491
-43.8491
-43.8491
-43.8491
-43.8491
-43.8491
-43.8491
-43.8491
-43.8491
-43.8491
-43.8491
-43.8491
-43.8491
-43.8491
-43.8491
-43.8491
-43.8491
-43.8491
-43.8491
-43.8491
-43.8491
-43.8491
-43.8491
-43.8491
-43.8491
-43.8491
-43.8491
-43.8491
-43.8491
-43.8491
-43.8491
-43.8491
-43.8491
-43.8491
-43.8491
-43.8491
-43.8491
-43.8491
-43.8491
-43.8491
-43.8491
-43.8491
-43.8491
-43.8491
-43.8491
-43.8491
-43.8491
-43.8491
-43.8491
-43.8491
-43.8491
-43.8491
-43.8491
-43.8491
-43.8491
-43.8491
-43.8491
-43.8491
-43.8491
-43.8491
-43.8491
-43.8491
-43.8491
-43.8491
-43.8491
-43.8491
-43.8491
-43.8491
-43.8491
-43.8491
-43.8491
-43.8491
-43.8491
-43.8491
-43.8491
-43.8491
-43.8491
-43.8491
-43.8491
-43.8491
-43.8491
-43.8491
-43.8491
-43.8491
-43.8491
-43.8491
-43.8491
-43.8491
-43.8491
-43.8491
-43.8491
-43.8491
-43.8491
-43.8491
-43.8491
-43.8491
-43.8491
-43.8491
-43.8491
-43.8491
-43.8491
-43.8491
-43.8491
-43.8491
-43.8491
-43.8491
-43.8491
-43.8491
-43.8491
-43.8491
-43.8491
-43.8491
-43.8491
-43.8491
-43.8491
-43.8491
-43.8491
-43.8491
-43.8491
-43.8491
-43.8491
-43.8491
-43.8491
-43.8491
-43.8491
-43.8491
-43.8491
-43.8491
-43.8491
-43.8491
-43.8491
-43.8491
-43.8491
-43.8491
-43.8491
-43.8491
-43.8491
-43.8491
-43.8491
-43.8491
-43.8491
-43.8491
-43.8491
-43.8491
-43.8491
-43.8491
-43.8491
-43.8491
-43.8491
-43.8491
-43.8491
-43.8491
-43.8491
-43.8491
-43.8491
-43.8491
-43.8491
-43.8491
-43.8491
-43.8491
-43.8491
-43.8491
-43.8491
-43.8491
-43.8491
-43.8491
-43.8491
-43.8491
-43.8491
-43.8491
-43.8491
-43.8491
-43.8491
-43.8491
-43.8491
-43.8491
-43.8491
-43.8491
-43.8491
-43.8491
-43.8491
-43.8491
-43.8491
-43.8491
-43.8491
-43.8491
-43.8491
-43.8491
-43.8491
-43.8491
-43.8491
-43.8491
-43.8491
-43.8491
-43.8491
-43.8491
-43.8491
-43.8491
-43.8491
-43.8491
-43.8491
-43.8491
-43.8491
-43.8491
-43.8491
-43.8491
-43.8491
-43.8491
-43.8491
-43.8491
-43.8491
-43.8491
-43.8491
-43.8491
-43.8491
-43.8491
-43.8491
-43.8491
-43.8491
-43.8491
-43.8491
-43.8491
-43.8491
-43.8491
-43.8491
-43.8491
-43.8491
-43.8491
-43.8491
-43.8491
-43.8491
-43.8491
-43.8491
-43.849
-43.849
-43.849
-43.849
-43.849
-43.849
-43.849
-43.849
-43.849
-43.8489
-43.8489
-43.8489
-43.8489
-43.8489
-43.8488
-43.8488
-43.8488
-43.8487
-43.8487
-43.8487
-43.8486
-43.8486
-43.8485
-43.8485
-43.8484
-43.8483
-43.8483
-43.8482
-43.8481
-43.8481
-43.848
-43.8479
-43.8478
-43.8477
-43.8476
-43.8475
-43.8473
-43.8472
-43.8471
-43.8469
-43.8468
-43.8466
-43.8464
-43.8462
-43.846
-43.8458
-43.8456
-43.8454
-43.8452
-43.8449
-43.8447
-43.8444
-43.8441
-43.843
-43.8427
-43.8424
-43.842
-43.8417
-43.8414
-43.841
-43.8406
-43.8402
-43.8398
-43.8394
-43.839
-43.8386
-43.8385
-42.2848
-42.2846
-42.2843
-42.2838
-42.2834
-42.2831
-42.2827
-42.2832
-42.2829
-42.2826
-42.2823
-42.2821
-42.2818
-42.2815
-42.2813
-42.2811
-42.2809
-42.2807
-42.2805
-42.2803
-42.2801
-42.2799
-42.2798
-42.2796
-42.2795
-42.2793
-42.2792
-42.2791
-42.279
-42.2789
-42.2788
-42.2787
-42.2786
-42.2785
-42.2784
-42.2783
-42.2783
-42.2782
-42.2781
-42.2781
-42.278
-42.278
-42.2779
-42.2779
-42.2778
-42.2778
-42.2778
-42.2777
-42.2777
-42.2777
-42.2776
-42.2776
-42.2776
-42.2776
-42.2776
-42.2775
-42.2775
-42.2775
-42.2775
-42.2775
-42.2775
-42.2775
-42.2775
-42.2775
-42.2774
-42.2774
-42.2774
-42.2774
-42.2774
-42.2774
-42.2774
-42.2774
-42.2774
-42.2774
-42.2774
-42.2774
-42.2774
-42.2774
-42.2774
-42.2774
-42.2774
-42.2774
-42.2774
-42.2774
-42.2774
-42.2774
-42.2774
-42.2774
-42.2774
-42.2774
-42.2774
-42.2774
-42.2774
-42.2774
-42.2774
-42.2774
-42.2774
-42.2774
-42.2774
-42.2774
-42.2774
-42.2774
-42.2774
-42.2774
-42.2774
-42.2774
-42.2774
-42.2774
-42.2774
-42.2774
-42.2774
-42.2774
-42.2774
-42.2774
-42.2774
-42.2774
-42.2774
-42.2774
-42.2774
-42.2774
-42.2774
-42.2774
-42.2774
-42.2774
-42.2774
-42.2774
-42.2774
-42.2774
-42.2774
-42.2774
-42.2774
-42.2774
-42.2774
-42.2774
-42.2774
-42.2774
-42.2774
-42.2774
-42.2774
-42.2774
-42.2774
-42.2774
-42.2774
-42.2774
-42.2774
-42.2774
-42.2774
-42.2774
-42.2774
-42.2774
-42.2774
-42.2774
-42.2774
-42.2774
-42.2774
-42.2774
-42.2774
-42.2774
-42.2774
-42.2774
-42.2774
-42.2774
-42.2774
-42.2774
-42.2774
-42.2774
-42.2774
-42.2774
-42.2774
-42.2774
-42.2774
-42.2774
-42.2774
-42.2774
-42.2774
-42.2774
-42.2774
-42.2774
-42.2774
-42.2774
-42.2774
-42.2774
-42.2774
-42.2774
-42.2774
-42.2774
-42.2774
-42.2774
-42.2774
-42.2774
-42.2774
-42.2774
-42.2774
-42.2774
-42.2774
-42.2774
-42.2774
-42.2774
-42.2774
-42.2774
-42.2774
-42.2774
-42.2774
-42.2774
-42.2774
-42.2774
-42.2774
-42.2774
-42.2774
-42.2774
-42.2774
-42.2774
-42.2774
-42.2774
-42.2774
-42.2774
-42.2774
-42.2774
-42.2774
-42.2774
-42.2774
-42.2774
-42.2774
-42.2774
-42.2774
-42.2774
-42.2774
-42.2774
-42.2774
-42.2774
-42.2774
-42.2774
-42.2774
-42.2774
-42.2774
-42.2774
-42.2774
-42.2774
-42.2774
-42.2774
-42.2774
-42.2774
-42.2774
-42.2774
-42.2774
-42.2774
-42.2774
-42.2774
-42.2774
-42.2774
-42.2774
-42.2774
-42.2774
-42.2774
-42.2774
-42.2774
-42.2774
-42.2774
-42.2774
-42.2774
-42.2774
-42.2774
-42.2774
-42.2774
-42.2774
-42.2774
-42.2774
-42.2774
-42.2774
-42.2774
-42.2774
-42.2774
-42.2774
-42.2774
-42.2774
-42.2774
-42.2774
-42.2774
-42.2774
-42.2774
-42.2774
-42.2774
-42.2774
-42.2774
-42.2774
-42.2774
-42.2774
-42.2774
-42.2774
-42.2774
-42.2774
-42.2774
-42.2774
-42.2774
-42.2774
-42.2774
-42.2774
-42.2774
-42.2774
-42.2774
-42.2774
-42.2774
-42.2774
-42.2774
-42.2774
-42.2774
-42.2774
-42.2774
-42.2774
-42.2774
-42.2774
-42.2774
-42.2774
-42.2774
-42.2774
-42.2774
-42.2774
-42.2774
-42.2774
-42.2774
-42.2774
-42.2774
-42.2774
-42.2774
-42.2774
-42.2773
-42.2773
-42.2773
-42.2773
-42.2773
-42.2773
-42.2773
-42.2773
-42.2773
-42.2773
-42.2773
-42.2773
-42.2773
-42.2773
-42.2773
-42.2772
-42.2772
-42.2772
-42.2772
-42.2772
-42.2771
-42.2771
-42.2771
-42.2771
-42.277
-42.277
-42.277
-42.2769
-42.2769
-42.2768
-42.2768
-42.2767
-42.2767
-42.2766
-42.2766
-42.2765
-42.2764
-42.2763
-42.2762
-42.2762
-42.2761
-42.276
-42.2759
-42.2757
-42.2756
-42.2755
-42.2753
-42.2752
-42.2751
-42.2749
-42.2747
-42.2745
-42.2744
-42.2742
-42.2739
-42.2737
-42.2735
-42.2733
-42.273
-42.2727
-42.2725
-42.2713
-42.271
-42.2707
-42.2704
-42.27
-42.2697
-42.2693
-42.269
-42.2686
-42.2682
-42.2677
-42.2673
-42.2669
-42.2668
-40.4678
-40.4677
-40.4673
-40.4669
-40.4665
-40.4661
-40.4657
-40.4663
-40.4659
-40.4656
-40.4653
-40.4651
-40.4648
-40.4645
-40.4643
-40.4641
-40.4638
-40.4636
-40.4634
-40.4632
-40.463
-40.4629
-40.4627
-40.4626
-40.4624
-40.4623
-40.4621
-40.462
-40.4619
-40.4618
-40.4617
-40.4616
-40.4615
-40.4614
-40.4613
-40.4613
-40.4612
-40.4611
-40.461
-40.461
-40.4609
-40.4609
-40.4608
-40.4608
-40.4607
-40.4607
-40.4607
-40.4606
-40.4606
-40.4606
-40.4606
-40.4605
-40.4605
-40.4605
-40.4605
-40.4605
-40.4604
-40.4604
-40.4604
-40.4604
-40.4604
-40.4604
-40.4604
-40.4604
-40.4603
-40.4603
-40.4603
-40.4603
-40.4603
-40.4603
-40.4603
-40.4603
-40.4603
-40.4603
-40.4603
-40.4603
-40.4603
-40.4603
-40.4603
-40.4603
-40.4603
-40.4603
-40.4603
-40.4603
-40.4603
-40.4603
-40.4603
-40.4603
-40.4603
-40.4603
-40.4603
-40.4603
-40.4603
-40.4603
-40.4603
-40.4603
-40.4603
-40.4603
-40.4603
-40.4603
-40.4603
-40.4603
-40.4603
-40.4603
-40.4603
-40.4603
-40.4603
-40.4603
-40.4603
-40.4603
-40.4603
-40.4603
-40.4603
-40.4603
-40.4603
-40.4603
-40.4603
-40.4603
-40.4603
-40.4603
-40.4603
-40.4603
-40.4603
-40.4603
-40.4603
-40.4603
-40.4603
-40.4603
-40.4603
-40.4603
-40.4603
-40.4603
-40.4603
-40.4603
-40.4603
-40.4603
-40.4603
-40.4603
-40.4603
-40.4603
-40.4603
-40.4603
-40.4603
-40.4603
-40.4603
-40.4603
-40.4603
-40.4603
-40.4603
-40.4603
-40.4603
-40.4603
-40.4603
-40.4603
-40.4603
-40.4603
-40.4603
-40.4603
-40.4603
-40.4603
-40.4603
-40.4603
-40.4603
-40.4603
-40.4603
-40.4603
-40.4603
-40.4603
-40.4603
-40.4603
-40.4603
-40.4603
-40.4603
-40.4603
-40.4603
-40.4603
-40.4603
-40.4603
-40.4603
-40.4603
-40.4603
-40.4603
-40.4603
-40.4603
-40.4603
-40.4603
-40.4603
-40.4603
-40.4603
-40.4603
-40.4603
-40.4603
-40.4603
-40.4603
-40.4603
-40.4603
-40.4603
-40.4603
-40.4603
-40.4603
-40.4603
-40.4603
-40.4603
-40.4603
-40.4603
-40.4603
-40.4603
-40.4603
-40.4603
-40.4603
-40.4603
-40.4603
-40.4603
-40.4603
-40.4603
-40.4603
-40.4603
-40.4603
-40.4603
-40.4603
-40.4603
-40.4603
-40.4603
-40.4603
-40.4603
-40.4603
-40.4603
-40.4603
-40.4603
-40.4603
-40.4603
-40.4603
-40.4603
-40.4603
-40.4603
-40.4603
-40.4603
-40.4603
-40.4603
-40.4603
-40.4603
-40.4603
-40.4603
-40.4603
-40.4603
-40.4603
-40.4603
-40.4603
-40.4603
-40.4603
-40.4603
-40.4603
-40.4603
-40.4603
-40.4603
-40.4603
-40.4603
-40.4603
-40.4603
-40.4603
-40.4603
-40.4603
-40.4603
-40.4603
-40.4603
-40.4603
-40.4603
-40.4603
-40.4603
-40.4603
-40.4603
-40.4603
-40.4603
-40.4603
-40.4603
-40.4603
-40.4603
-40.4603
-40.4603
-40.4603
-40.4603
-40.4603
-40.4603
-40.4603
-40.4603
-40.4603
-40.4603
-40.4603
-40.4603
-40.4603
-40.4603
-40.4603
-40.4603
-40.4603
-40.4603
-40.4603
-40.4603
-40.4603
-40.4603
-40.4603
-40.4603
-40.4603
-40.4603
-40.4603
-40.4603
-40.4603
-40.4603
-40.4603
-40.4603
-40.4603
-40.4603
-40.4603
-40.4603
-40.4603
-40.4603
-40.4603
-40.4603
-40.4603
-40.4603
-40.4603
-40.4603
-40.4603
-40.4603
-40.4603
-40.4603
-40.4603
-40.4603
-40.4602
-40.4602
-40.4602
-40.4602
-40.4602
-40.4602
-40.4602
-40.4602
-40.4602
-40.4602
-40.4602
-40.4602
-40.4602
-40.4601
-40.4601
-40.4601
-40.4601
-40.4601
-40.4601
-40.46
-40.46
-40.46
-40.4599
-40.4599
-40.4599
-40.4598
-40.4598
-40.4598
-40.4597
-40.4597
-40.4596
-40.4595
-40.4595
-40.4594
-40.4593
-40.4593
-40.4592
-40.4591
-40.459
-40.4589
-40.4588
-40.4587
-40.4585
-40.4584
-40.4583
-40.4581
-40.458
-40.4578
-40.4577
-40.4575
-40.4573
-40.4571
-40.4569
-40.4567
-40.4565
-40.4562
-40.456
-40.4557
-40.4554
-40.4543
-40.454
-40.4537
-40.4534
-40.453
-40.4527
-40.4523
-40.452
-40.4516
-40.4512
-40.4507
-40.4503
-40.4499
-40.4498
-38.3964
-38.3963
-38.3959
-38.3954
-38.395
-38.3946
-38.3942
-38.3947
-38.3944
-38.3941
-38.3938
-38.3935
-38.3932
-38.393
-38.3927
-38.3925
-38.3922
-38.392
-38.3918
-38.3916
-38.3914
-38.3913
-38.3911
-38.391
-38.3908
-38.3907
-38.3905
-38.3904
-38.3903
-38.3902
-38.3901
-38.39
-38.3899
-38.3898
-38.3897
-38.3896
-38.3895
-38.3895
-38.3894
-38.3894
-38.3893
-38.3892
-38.3892
-38.3891
-38.3891
-38.3891
-38.389
-38.389
-38.389
-38.3889
-38.3889
-38.3889
-38.3889
-38.3888
-38.3888
-38.3888
-38.3888
-38.3888
-38.3888
-38.3887
-38.3887
-38.3887
-38.3887
-38.3887
-38.3887
-38.3887
-38.3887
-38.3887
-38.3887
-38.3887
-38.3887
-38.3887
-38.3887
-38.3887
-38.3887
-38.3887
-38.3887
-38.3887
-38.3886
-38.3886
-38.3886
-38.3886
-38.3886
-38.3886
-38.3886
-38.3886
-38.3886
-38.3886
-38.3886
-38.3886
-38.3886
-38.3886
-38.3886
-38.3886
-38.3886
-38.3886
-38.3886
-38.3886
-38.3886
-38.3886
-38.3886
-38.3886
-38.3886
-38.3886
-38.3886
-38.3886
-38.3886
-38.3886
-38.3886
-38.3886
-38.3886
-38.3886
-38.3886
-38.3886
-38.3886
-38.3886
-38.3886
-38.3886
-38.3886
-38.3886
-38.3886
-38.3886
-38.3886
-38.3886
-38.3886
-38.3886
-38.3886
-38.3886
-38.3886
-38.3886
-38.3886
-38.3886
-38.3886
-38.3886
-38.3886
-38.3886
-38.3886
-38.3886
-38.3886
-38.3886
-38.3886
-38.3886
-38.3886
-38.3886
-38.3886
-38.3886
-38.3886
-38.3886
-38.3886
-38.3886
-38.3886
-38.3886
-38.3886
-38.3886
-38.3886
-38.3886
-38.3886
-38.3886
-38.3886
-38.3886
-38.3886
-38.3886
-38.3886
-38.3886
-38.3886
-38.3886
-38.3886
-38.3886
-38.3886
-38.3886
-38.3886
-38.3886
-38.3886
-38.3886
-38.3886
-38.3886
-38.3886
-38.3886
-38.3886
-38.3886
-38.3886
-38.3886
-38.3886
-38.3886
-38.3886
-38.3886
-38.3886
-38.3886
-38.3886
-38.3886
-38.3886
-38.3886
-38.3886
-38.3886
-38.3886
-38.3886
-38.3886
-38.3886
-38.3886
-38.3886
-38.3886
-38.3886
-38.3886
-38.3886
-38.3886
-38.3886
-38.3886
-38.3886
-38.3886
-38.3886
-38.3886
-38.3886
-38.3886
-38.3886
-38.3886
-38.3886
-38.3886
-38.3886
-38.3886
-38.3886
-38.3886
-38.3886
-38.3886
-38.3886
-38.3886
-38.3886
-38.3886
-38.3886
-38.3886
-38.3886
-38.3886
-38.3886
-38.3886
-38.3886
-38.3886
-38.3886
-38.3886
-38.3886
-38.3886
-38.3886
-38.3886
-38.3886
-38.3886
-38.3886
-38.3886
-38.3886
-38.3886
-38.3886
-38.3886
-38.3886
-38.3886
-38.3886
-38.3886
-38.3886
-38.3886
-38.3886
-38.3886
-38.3886
-38.3886
-38.3886
-38.3886
-38.3886
-38.3886
-38.3886
-38.3886
-38.3886
-38.3886
-38.3886
-38.3886
-38.3886
-38.3886
-38.3886
-38.3886
-38.3886
-38.3886
-38.3886
-38.3886
-38.3886
-38.3886
-38.3886
-38.3886
-38.3886
-38.3886
-38.3886
-38.3886
-38.3886
-38.3886
-38.3886
-38.3886
-38.3886
-38.3886
-38.3886
-38.3886
-38.3886
-38.3886
-38.3886
-38.3886
-38.3886
-38.3886
-38.3886
-38.3886
-38.3886
-38.3886
-38.3886
-38.3886
-38.3886
-38.3886
-38.3886
-38.3886
-38.3886
-38.3886
-38.3886
-38.3886
-38.3886
-38.3886
-38.3886
-38.3886
-38.3886
-38.3886
-38.3886
-38.3886
-38.3886
-38.3886
-38.3886
-38.3886
-38.3886
-38.3886
-38.3886
-38.3886
-38.3886
-38.3886
-38.3886
-38.3886
-38.3886
-38.3886
-38.3886
-38.3885
-38.3885
-38.3885
-38.3885
-38.3885
-38.3885
-38.3885
-38.3884
-38.3884
-38.3884
-38.3884
-38.3884
-38.3883
-38.3883
-38.3883
-38.3882
-38.3882
-38.3882
-38.3881
-38.3881
-38.388
-38.388
-38.3879
-38.3878
-38.3878
-38.3877
-38.3876
-38.3875
-38.3875
-38.3874
-38.3873
-38.3872
-38.3871
-38.3869
-38.3868
-38.3867
-38.3865
-38.3864
-38.3862
-38.3861
-38.3859
-38.3857
-38.3855
-38.3853
-38.3851
-38.3849
-38.3847
-38.3844
-38.3842
-38.3839
-38.3827
-38.3824
-38.3821
-38.3818
-38.3815
-38.3812
-38.3808
-38.3804
-38.38
-38.3796
-38.3792
-38.3788
-38.3784
-38.3783
-36.0598
-36.0597
-36.0593
-36.0588
-36.0584
-36.058
-36.0576
-36.0581
-36.0578
-36.0574
-36.0571
-36.0568
-36.0565
-36.0563
-36.056
-36.0558
-36.0555
-36.0553
-36.0551
-36.0549
-36.0547
-36.0545
-36.0544
-36.0542
-36.0541
-36.0539
-36.0538
-36.0536
-36.0535
-36.0534
-36.0533
-36.0532
-36.0531
-36.053
-36.0529
-36.0529
-36.0528
-36.0527
-36.0526
-36.0526
-36.0525
-36.0525
-36.0524
-36.0524
-36.0523
-36.0523
-36.0522
-36.0522
-36.0522
-36.0522
-36.0521
-36.0521
-36.0521
-36.0521
-36.052
-36.052
-36.052
-36.052
-36.052
-36.052
-36.052
-36.0519
-36.0519
-36.0519
-36.0519
-36.0519
-36.0519
-36.0519
-36.0519
-36.0519
-36.0519
-36.0519
-36.0519
-36.0519
-36.0519
-36.0519
-36.0519
-36.0519
-36.0519
-36.0519
-36.0519
-36.0519
-36.0519
-36.0519
-36.0519
-36.0519
-36.0519
-36.0519
-36.0519
-36.0519
-36.0519
-36.0519
-36.0519
-36.0519
-36.0519
-36.0519
-36.0519
-36.0519
-36.0518
-36.0518
-36.0518
-36.0518
-36.0518
-36.0518
-36.0518
-36.0518
-36.0518
-36.0518
-36.0518
-36.0518
-36.0518
-36.0518
-36.0518
-36.0518
-36.0518
-36.0518
-36.0518
-36.0518
-36.0518
-36.0518
-36.0518
-36.0518
-36.0518
-36.0518
-36.0518
-36.0518
-36.0518
-36.0518
-36.0518
-36.0518
-36.0518
-36.0518
-36.0518
-36.0518
-36.0518
-36.0518
-36.0518
-36.0518
-36.0518
-36.0518
-36.0518
-36.0518
-36.0518
-36.0518
-36.0518
-36.0518
-36.0518
-36.0518
-36.0518
-36.0518
-36.0518
-36.0518
-36.0518
-36.0518
-36.0518
-36.0518
-36.0518
-36.0518
-36.0518
-36.0518
-36.0518
-36.0518
-36.0518
-36.0518
-36.0518
-36.0518
-36.0518
-36.0518
-36.0518
-36.0518
-36.0518
-36.0518
-36.0518
-36.0518
-36.0518
-36.0518
-36.0518
-36.0518
-36.0518
-36.0518
-36.0518
-36.0518
-36.0518
-36.0518
-36.0518
-36.0518
-36.0518
-36.0518
-36.0518
-36.0518
-36.0518
-36.0518
-36.0518
-36.0518
-36.0518
-36.0518
-36.0518
-36.0518
-36.0518
-36.0518
-36.0518
-36.0518
-36.0518
-36.0518
-36.0518
-36.0518
-36.0518
-36.0518
-36.0518
-36.0518
-36.0518
-36.0518
-36.0518
-36.0518
-36.0518
-36.0518
-36.0518
-36.0518
-36.0518
-36.0518
-36.0518
-36.0518
-36.0518
-36.0518
-36.0518
-36.0518
-36.0518
-36.0518
-36.0518
-36.0518
-36.0518
-36.0518
-36.0518
-36.0518
-36.0518
-36.0518
-36.0518
-36.0518
-36.0518
-36.0518
-36.0518
-36.0518
-36.0518
-36.0518
-36.0518
-36.0518
-36.0518
-36.0518
-36.0518
-36.0518
-36.0518
-36.0518
-36.0518
-36.0518
-36.0518
-36.0518
-36.0518
-36.0518
-36.0518
-36.0518
-36.0518
-36.0518
-36.0518
-36.0518
-36.0518
-36.0518
-36.0518
-36.0518
-36.0518
-36.0518
-36.0518
-36.0518
-36.0518
-36.0518
-36.0518
-36.0518
-36.0518
-36.0518
-36.0518
-36.0518
-36.0518
-36.0518
-36.0518
-36.0518
-36.0518
-36.0518
-36.0518
-36.0518
-36.0518
-36.0518
-36.0518
-36.0518
-36.0518
-36.0518
-36.0518
-36.0518
-36.0518
-36.0518
-36.0518
-36.0518
-36.0518
-36.0518
-36.0518
-36.0518
-36.0518
-36.0518
-36.0518
-36.0518
-36.0518
-36.0518
-36.0518
-36.0518
-36.0518
-36.0518
-36.0518
-36.0518
-36.0518
-36.0518
-36.0518
-36.0518
-36.0518
-36.0518
-36.0518
-36.0518
-36.0518
-36.0518
-36.0518
-36.0518
-36.0518
-36.0518
-36.0518
-36.0518
-36.0518
-36.0518
-36.0518
-36.0518
-36.0518
-36.0517
-36.0517
-36.0517
-36.0517
-36.0517
-36.0517
-36.0517
-36.0516
-36.0516
-36.0516
-36.0516
-36.0515
-36.0515
-36.0515
-36.0515
-36.0514
-36.0514
-36.0513
-36.0513
-36.0512
-36.0512
-36.0511
-36.0511
-36.051
-36.0509
-36.0509
-36.0508
-36.0507
-36.0506
-36.0505
-36.0504
-36.0503
-36.0502
-36.0501
-36.0499
-36.0498
-36.0496
-36.0495
-36.0493
-36.0492
-36.049
-36.0488
-36.0486
-36.0484
-36.0482
-36.0479
-36.0477
-36.0475
-36.0472
-36.046
-36.0458
-36.0455
-36.0451
-36.0448
-36.0445
-36.0441
-36.0438
-36.0434
-36.043
-36.0426
-36.0421
-36.0418
-36.0417
-33.4459
-33.4457
-33.4453
-33.4448
-33.4444
-33.444
-33.4436
-33.4441
-33.4437
-33.4434
-33.4431
-33.4428
-33.4425
-33.4422
-33.4419
-33.4417
-33.4414
-33.4412
-33.441
-33.4408
-33.4406
-33.4404
-33.4403
-33.4401
-33.4399
-33.4398
-33.4396
-33.4395
-33.4394
-33.4393
-33.4392
-33.4391
-33.439
-33.4389
-33.4388
-33.4387
-33.4386
-33.4385
-33.4385
-33.4384
-33.4384
-33.4383
-33.4383
-33.4382
-33.4382
-33.4381
-33.4381
-33.4381
-33.438
-33.438
-33.438
-33.4379
-33.4379
-33.4379
-33.4379
-33.4379
-33.4378
-33.4378
-33.4378
-33.4378
-33.4378
-33.4378
-33.4378
-33.4378
-33.4378
-33.4377
-33.4377
-33.4377
-33.4377
-33.4377
-33.4377
-33.4377
-33.4377
-33.4377
-33.4377
-33.4377
-33.4377
-33.4377
-33.4377
-33.4377
-33.4377
-33.4377
-33.4377
-33.4377
-33.4377
-33.4377
-33.4377
-33.4377
-33.4377
-33.4377
-33.4377
-33.4377
-33.4377
-33.4377
-33.4377
-33.4377
-33.4377
-33.4377
-33.4377
-33.4377
-33.4377
-33.4377
-33.4377
-33.4377
-33.4377
-33.4377
-33.4377
-33.4377
-33.4377
-33.4377
-33.4377
-33.4377
-33.4377
-33.4377
-33.4377
-33.4377
-33.4377
-33.4377
-33.4377
-33.4377
-33.4377
-33.4377
-33.4377
-33.4377
-33.4377
-33.4377
-33.4377
-33.4377
-33.4377
-33.4377
-33.4377
-33.4377
-33.4377
-33.4377
-33.4377
-33.4377
-33.4377
-33.4377
-33.4377
-33.4377
-33.4377
-33.4377
-33.4377
-33.4377
-33.4377
-33.4377
-33.4377
-33.4377
-33.4377
-33.4377
-33.4377
-33.4377
-33.4377
-33.4377
-33.4377
-33.4377
-33.4377
-33.4377
-33.4377
-33.4377
-33.4377
-33.4377
-33.4377
-33.4377
-33.4377
-33.4377
-33.4377
-33.4377
-33.4377
-33.4377
-33.4377
-33.4377
-33.4377
-33.4377
-33.4377
-33.4377
-33.4377
-33.4377
-33.4377
-33.4377
-33.4377
-33.4377
-33.4377
-33.4377
-33.4377
-33.4377
-33.4377
-33.4377
-33.4377
-33.4377
-33.4377
-33.4377
-33.4377
-33.4377
-33.4377
-33.4377
-33.4377
-33.4377
-33.4377
-33.4377
-33.4377
-33.4377
-33.4377
-33.4377
-33.4377
-33.4377
-33.4377
-33.4377
-33.4377
-33.4377
-33.4377
-33.4377
-33.4377
-33.4377
-33.4377
-33.4377
-33.4377
-33.4377
-33.4377
-33.4377
-33.4377
-33.4377
-33.4377
-33.4377
-33.4377
-33.4377
-33.4377
-33.4377
-33.4377
-33.4377
-33.4377
-33.4377
-33.4377
-33.4377
-33.4377
-33.4377
-33.4377
-33.4377
-33.4377
-33.4377
-33.4377
-33.4377
-33.4377
-33.4377
-33.4377
-33.4377
-33.4377
-33.4377
-33.4377
-33.4377
-33.4377
-33.4377
-33.4377
-33.4377
-33.4377
-33.4377
-33.4377
-33.4377
-33.4377
-33.4377
-33.4377
-33.4377
-33.4377
-33.4377
-33.4377
-33.4377
-33.4377
-33.4377
-33.4377
-33.4377
-33.4377
-33.4377
-33.4377
-33.4377
-33.4377
-33.4377
-33.4377
-33.4377
-33.4377
-33.4377
-33.4377
-33.4377
-33.4377
-33.4377
-33.4377
-33.4377
-33.4377
-33.4377
-33.4377
-33.4377
-33.4377
-33.4377
-33.4377
-33.4377
-33.4377
-33.4377
-33.4377
-33.4377
-33.4377
-33.4377
-33.4377
-33.4377
-33.4377
-33.4377
-33.4377
-33.4377
-33.4377
-33.4377
-33.4377
-33.4377
-33.4377
-33.4377
-33.4377
-33.4377
-33.4377
-33.4377
-33.4377
-33.4377
-33.4377
-33.4377
-33.4377
-33.4377
-33.4377
-33.4377
-33.4377
-33.4377
-33.4377
-33.4377
-33.4376
-33.4376
-33.4376
-33.4376
-33.4376
-33.4376
-33.4376
-33.4376
-33.4376
-33.4376
-33.4376
-33.4376
-33.4376
-33.4375
-33.4375
-33.4375
-33.4375
-33.4375
-33.4374
-33.4374
-33.4374
-33.4374
-33.4373
-33.4373
-33.4373
-33.4372
-33.4372
-33.4371
-33.4371
-33.437
-33.437
-33.4369
-33.4369
-33.4368
-33.4367
-33.4366
-33.4366
-33.4365
-33.4364
-33.4363
-33.4362
-33.436
-33.4359
-33.4358
-33.4357
-33.4355
-33.4354
-33.4352
-33.4351
-33.4349
-33.4347
-33.4345
-33.4343
-33.4341
-33.4339
-33.4336
-33.4334
-33.4331
-33.432
-33.4317
-33.4314
-33.4311
-33.4308
-33.4305
-33.4301
-33.4298
-33.4294
-33.429
-33.4286
-33.4282
-33.4278
-33.4277
-30.5385
-30.5384
-30.538
-30.5375
-30.5371
-30.5366
-30.5362
-30.5367
-30.5363
-30.536
-30.5356
-30.5353
-30.535
-30.5347
-30.5344
-30.5342
-30.534
-30.5337
-30.5335
-30.5333
-30.5331
-30.5329
-30.5327
-30.5326
-30.5324
-30.5323
-30.5321
-30.532
-30.5319
-30.5317
-30.5316
-30.5315
-30.5314
-30.5313
-30.5312
-30.5311
-30.5311
-30.531
-30.5309
-30.5309
-30.5308
-30.5308
-30.5307
-30.5307
-30.5306
-30.5306
-30.5305
-30.5305
-30.5305
-30.5304
-30.5304
-30.5304
-30.5304
-30.5303
-30.5303
-30.5303
-30.5303
-30.5303
-30.5303
-30.5302
-30.5302
-30.5302
-30.5302
-30.5302
-30.5302
-30.5302
-30.5302
-30.5302
-30.5302
-30.5302
-30.5302
-30.5302
-30.5302
-30.5301
-30.5301
-30.5301
-30.5301
-30.5301
-30.5301
-30.5301
-30.5301
-30.5301
-30.5301
-30.5301
-30.5301
-30.5301
-30.5301
-30.5301
-30.5301
-30.5301
-30.5301
-30.5301
-30.5301
-30.5301
-30.5301
-30.5301
-30.5301
-30.5301
-30.5301
-30.5301
-30.5301
-30.5301
-30.5301
-30.5301
-30.5301
-30.5301
-30.5301
-30.5301
-30.5301
-30.5301
-30.5301
-30.5301
-30.5301
-30.5301
-30.5301
-30.5301
-30.5301
-30.5301
-30.5301
-30.5301
-30.5301
-30.5301
-30.5301
-30.5301
-30.5301
-30.5301
-30.5301
-30.5301
-30.5301
-30.5301
-30.5301
-30.5301
-30.5301
-30.5301
-30.5301
-30.5301
-30.5301
-30.5301
-30.5301
-30.5301
-30.5301
-30.5301
-30.5301
-30.5301
-30.5301
-30.5301
-30.5301
-30.5301
-30.5301
-30.5301
-30.5301
-30.5301
-30.5301
-30.5301
-30.5301
-30.5301
-30.5301
-30.5301
-30.5301
-30.5301
-30.5301
-30.5301
-30.5301
-30.5301
-30.5301
-30.5301
-30.5301
-30.5301
-30.5301
-30.5301
-30.5301
-30.5301
-30.5301
-30.5301
-30.5301
-30.5301
-30.5301
-30.5301
-30.5301
-30.5301
-30.5301
-30.5301
-30.5301
-30.5301
-30.5301
-30.5301
-30.5301
-30.5301
-30.5301
-30.5301
-30.5301
-30.5301
-30.5301
-30.5301
-30.5301
-30.5301
-30.5301
-30.5301
-30.5301
-30.5301
-30.5301
-30.5301
-30.5301
-30.5301
-30.5301
-30.5301
-30.5301
-30.5301
-30.5301
-30.5301
-30.5301
-30.5301
-30.5301
-30.5301
-30.5301
-30.5301
-30.5301
-30.5301
-30.5301
-30.5301
-30.5301
-30.5301
-30.5301
-30.5301
-30.5301
-30.5301
-30.5301
-30.5301
-30.5301
-30.5301
-30.5301
-30.5301
-30.5301
-30.5301
-30.5301
-30.5301
-30.5301
-30.5301
-30.5301
-30.5301
-30.5301
-30.5301
-30.5301
-30.5301
-30.5301
-30.5301
-30.5301
-30.5301
-30.5301
-30.5301
-30.5301
-30.5301
-30.5301
-30.5301
-30.5301
-30.5301
-30.5301
-30.5301
-30.5301
-30.5301
-30.5301
-30.5301
-30.5301
-30.5301
-30.5301
-30.5301
-30.5301
-30.5301
-30.5301
-30.5301
-30.5301
-30.5301
-30.5301
-30.5301
-30.5301
-30.5301
-30.5301
-30.5301
-30.5301
-30.5301
-30.5301
-30.5301
-30.5301
-30.5301
-30.5301
-30.5301
-30.5301
-30.5301
-30.5301
-30.5301
-30.5301
-30.5301
-30.5301
-30.5301
-30.5301
-30.5301
-30.5301
-30.5301
-30.5301
-30.5301
-30.5301
-30.5301
-30.5301
-30.5301
-30.5301
-30.5301
-30.5301
-30.5301
-30.5301
-30.5301
-30.5301
-30.5301
-30.5301
-30.5301
-30.5301
-30.5301
-30.5301
-30.5301
-30.5301
-30.5301
-30.5301
-30.5301
-30.5301
-30.5301
-30.5301
-30.5301
-30.5301
-30.5301
-30.5301
-30.5301
-30.5301
-30.5301
-30.5301
-30.5301
-30.53
-30.53
-30.53
-30.53
-30.53
-30.53
-30.53
-30.53
-30.53
-30.5299
-30.5299
-30.5299
-30.5299
-30.5299
-30.5298
-30.5298
-30.5298
-30.5297
-30.5297
-30.5297
-30.5296
-30.5296
-30.5295
-30.5295
-30.5294
-30.5294
-30.5293
-30.5293
-30.5292
-30.5291
-30.529
-30.5289
-30.5288
-30.5287
-30.5286
-30.5285
-30.5284
-30.5283
-30.5282
-30.528
-30.5279
-30.5277
-30.5276
-30.5274
-30.5272
-30.527
-30.5268
-30.5266
-30.5264
-30.5262
-30.5259
-30.5257
-30.5245
-30.5243
-30.524
-30.5237
-30.5234
-30.5231
-30.5227
-30.5224
-30.522
-30.5216
-30.5212
-30.5208
-30.5204
-30.5204
-27.3207
-27.3206
-27.3202
-27.3196
-27.3192
-27.3187
-27.3183
-27.3188
-27.3184
-27.318
-27.3177
-27.3173
-27.317
-27.3168
-27.3164
-27.3162
-27.316
-27.3157
-27.3155
-27.3153
-27.3151
-27.3149
-27.3147
-27.3145
-27.3144
-27.3142
-27.3141
-27.3139
-27.3138
-27.3137
-27.3135
-27.3134
-27.3133
-27.3133
-27.3132
-27.3131
-27.313
-27.3129
-27.3128
-27.3128
-27.3127
-27.3127
-27.3126
-27.3126
-27.3125
-27.3125
-27.3124
-27.3124
-27.3124
-27.3124
-27.3123
-27.3123
-27.3123
-27.3122
-27.3122
-27.3122
-27.3122
-27.3122
-27.3122
-27.3121
-27.3121
-27.3121
-27.3121
-27.3121
-27.3121
-27.3121
-27.3121
-27.3121
-27.3121
-27.3121
-27.3121
-27.3121
-27.3121
-27.312
-27.312
-27.312
-27.312
-27.312
-27.312
-27.312
-27.312
-27.312
-27.312
-27.312
-27.312
-27.312
-27.312
-27.312
-27.312
-27.312
-27.312
-27.312
-27.312
-27.312
-27.312
-27.312
-27.312
-27.312
-27.312
-27.312
-27.312
-27.312
-27.312
-27.312
-27.312
-27.312
-27.312
-27.312
-27.312
-27.312
-27.312
-27.312
-27.312
-27.312
-27.312
-27.312
-27.312
-27.312
-27.312
-27.312
-27.312
-27.312
-27.312
-27.312
-27.312
-27.312
-27.312
-27.312
-27.312
-27.312
-27.312
-27.312
-27.312
-27.312
-27.312
-27.312
-27.312
-27.312
-27.312
-27.312
-27.312
-27.312
-27.312
-27.312
-27.312
-27.312
-27.312
-27.312
-27.312
-27.312
-27.312
-27.312
-27.312
-27.312
-27.312
-27.312
-27.312
-27.312
-27.312
-27.312
-27.312
-27.312
-27.312
-27.312
-27.312
-27.312
-27.312
-27.312
-27.312
-27.312
-27.312
-27.312
-27.312
-27.312
-27.312
-27.312
-27.312
-27.312
-27.312
-27.312
-27.312
-27.312
-27.312
-27.312
-27.312
-27.312
-27.312
-27.312
-27.312
-27.312
-27.312
-27.312
-27.312
-27.312
-27.312
-27.312
-27.312
-27.312
-27.312
-27.312
-27.312
-27.312
-27.312
-27.312
-27.312
-27.312
-27.312
-27.312
-27.312
-27.312
-27.312
-27.312
-27.312
-27.312
-27.312
-27.312
-27.312
-27.312
-27.312
-27.312
-27.312
-27.312
-27.312
-27.312
-27.312
-27.312
-27.312
-27.312
-27.312
-27.312
-27.312
-27.312
-27.312
-27.312
-27.312
-27.312
-27.312
-27.312
-27.312
-27.312
-27.312
-27.312
-27.312
-27.312
-27.312
-27.312
-27.312
-27.312
-27.312
-27.312
-27.312
-27.312
-27.312
-27.312
-27.312
-27.312
-27.312
-27.312
-27.312
-27.312
-27.312
-27.312
-27.312
-27.312
-27.312
-27.312
-27.312
-27.312
-27.312
-27.312
-27.312
-27.312
-27.312
-27.312
-27.312
-27.312
-27.312
-27.312
-27.312
-27.312
-27.312
-27.312
-27.312
-27.312
-27.312
-27.312
-27.312
-27.312
-27.312
-27.312
-27.312
-27.312
-27.312
-27.312
-27.312
-27.312
-27.312
-27.312
-27.312
-27.312
-27.312
-27.312
-27.312
-27.312
-27.312
-27.312
-27.312
-27.312
-27.312
-27.312
-27.312
-27.312
-27.312
-27.312
-27.312
-27.312
-27.312
-27.312
-27.312
-27.312
-27.312
-27.312
-27.312
-27.312
-27.312
-27.312
-27.312
-27.312
-27.312
-27.312
-27.312
-27.312
-27.312
-27.312
-27.3119
-27.3119
-27.3119
-27.3119
-27.3119
-27.3119
-27.3119
-27.3119
-27.3119
-27.3118
-27.3118
-27.3118
-27.3118
-27.3118
-27.3117
-27.3117
-27.3117
-27.3117
-27.3116
-27.3116
-27.3115
-27.3115
-27.3114
-27.3114
-27.3113
-27.3113
-27.3112
-27.3112
-27.3111
-27.311
-27.3109
-27.3109
-27.3108
-27.3107
-27.3106
-27.3105
-27.3103
-27.3102
-27.3101
-27.31
-27.3098
-27.3097
-27.3095
-27.3094
-27.3092
-27.309
-27.3088
-27.3086
-27.3084
-27.3082
-27.308
-27.3077
-27.3066
-27.3063
-27.306
-27.3057
-27.3054
-27.3051
-27.3048
-27.3045
-27.3041
-27.3037
-27.3033
-27.303
-27.3026
-27.3025
-23.7714
-23.7712
-23.7708
-23.7702
-23.7698
-23.7693
-23.7702
-23.7706
-23.7702
-23.7699
-23.7695
-23.7691
-23.7688
-23.7685
-23.7682
-23.768
-23.7677
-23.7675
-23.7673
-23.767
-23.7668
-23.7666
-23.7664
-23.7663
-23.7661
-23.7659
-23.7658
-23.7656
-23.7655
-23.7654
-23.7653
-23.7652
-23.7651
-23.765
-23.7649
-23.7648
-23.7647
-23.7646
-23.7645
-23.7645
-23.7644
-23.7644
-23.7643
-23.7643
-23.7642
-23.7642
-23.7641
-23.7641
-23.7641
-23.764
-23.764
-23.764
-23.7639
-23.7639
-23.7639
-23.7639
-23.7639
-23.7639
-23.7638
-23.7638
-23.7638
-23.7638
-23.7638
-23.7638
-23.7638
-23.7638
-23.7638
-23.7638
-23.7638
-23.7637
-23.7637
-23.7637
-23.7637
-23.7637
-23.7637
-23.7637
-23.7637
-23.7637
-23.7637
-23.7637
-23.7637
-23.7637
-23.7637
-23.7637
-23.7637
-23.7637
-23.7637
-23.7637
-23.7637
-23.7637
-23.7637
-23.7637
-23.7637
-23.7637
-23.7637
-23.7637
-23.7637
-23.7637
-23.7637
-23.7637
-23.7637
-23.7637
-23.7637
-23.7637
-23.7637
-23.7637
-23.7637
-23.7637
-23.7637
-23.7637
-23.7637
-23.7637
-23.7637
-23.7637
-23.7637
-23.7637
-23.7637
-23.7637
-23.7637
-23.7637
-23.7637
-23.7637
-23.7637
-23.7637
-23.7637
-23.7637
-23.7637
-23.7637
-23.7637
-23.7637
-23.7637
-23.7637
-23.7637
-23.7637
-23.7637
-23.7637
-23.7637
-23.7637
-23.7637
-23.7637
-23.7637
-23.7637
-23.7637
-23.7637
-23.7637
-23.7637
-23.7637
-23.7637
-23.7637
-23.7637
-23.7637
-23.7637
-23.7637
-23.7637
-23.7637
-23.7637
-23.7637
-23.7637
-23.7637
-23.7637
-23.7637
-23.7637
-23.7637
-23.7637
-23.7637
-23.7637
-23.7637
-23.7637
-23.7637
-23.7637
-23.7637
-23.7637
-23.7637
-23.7637
-23.7637
-23.7637
-23.7637
-23.7637
-23.7637
-23.7637
-23.7637
-23.7637
-23.7637
-23.7637
-23.7637
-23.7637
-23.7637
-23.7637
-23.7637
-23.7637
-23.7637
-23.7637
-23.7637
-23.7637
-23.7637
-23.7637
-23.7637
-23.7637
-23.7637
-23.7637
-23.7637
-23.7637
-23.7637
-23.7637
-23.7637
-23.7637
-23.7637
-23.7637
-23.7637
-23.7637
-23.7637
-23.7637
-23.7637
-23.7637
-23.7637
-23.7637
-23.7637
-23.7637
-23.7637
-23.7637
-23.7637
-23.7637
-23.7637
-23.7637
-23.7637
-23.7637
-23.7637
-23.7637
-23.7637
-23.7637
-23.7637
-23.7637
-23.7637
-23.7637
-23.7637
-23.7637
-23.7637
-23.7637
-23.7637
-23.7637
-23.7637
-23.7637
-23.7637
-23.7637
-23.7637
-23.7637
-23.7637
-23.7637
-23.7637
-23.7637
-23.7637
-23.7637
-23.7637
-23.7637
-23.7637
-23.7637
-23.7637
-23.7637
-23.7637
-23.7637
-23.7637
-23.7637
-23.7637
-23.7637
-23.7637
-23.7637
-23.7637
-23.7637
-23.7637
-23.7637
-23.7637
-23.7637
-23.7637
-23.7637
-23.7637
-23.7637
-23.7637
-23.7637
-23.7637
-23.7637
-23.7637
-23.7637
-23.7637
-23.7637
-23.7637
-23.7637
-23.7637
-23.7637
-23.7637
-23.7637
-23.7637
-23.7637
-23.7637
-23.7637
-23.7637
-23.7637
-23.7637
-23.7637
-23.7637
-23.7637
-23.7637
-23.7637
-23.7637
-23.7637
-23.7637
-23.7637
-23.7637
-23.7637
-23.7637
-23.7637
-23.7637
-23.7637
-23.7637
-23.7637
-23.7637
-23.7637
-23.7637
-23.7637
-23.7637
-23.7637
-23.7637
-23.7637
-23.7637
-23.7637
-23.7637
-23.7637
-23.7637
-23.7637
-23.7637
-23.7637
-23.7637
-23.7637
-23.7637
-23.7636
-23.7636
-23.7636
-23.7636
-23.7636
-23.7636
-23.7636
-23.7636
-23.7636
-23.7635
-23.7635
-23.7635
-23.7635
-23.7635
-23.7635
-23.7634
-23.7634
-23.7634
-23.7633
-23.7633
-23.7633
-23.7632
-23.7632
-23.7631
-23.7631
-23.763
-23.763
-23.7629
-23.7629
-23.7628
-23.7627
-23.7627
-23.7626
-23.7625
-23.7624
-23.7623
-23.7622
-23.7621
-23.762
-23.7619
-23.7617
-23.7616
-23.7614
-23.7613
-23.7611
-23.761
-23.7608
-23.7606
-23.7604
-23.7602
-23.76
-23.7598
-23.7595
-23.7584
-23.7568
-23.7565
-23.7562
-23.756
-23.7557
-23.7553
-23.755
-23.7547
-23.7543
-23.7539
-23.7536
-23.7532
-23.7532
-19.8654
-19.8653
-19.8648
-19.8642
-19.8637
-19.8632
-19.8655
-19.8659
-19.8655
-19.8651
-19.8647
-19.8644
-19.864
-19.8637
-19.8634
-19.8632
-19.8629
-19.8626
-19.8624
-19.8622
-19.862
-19.8618
-19.8616
-19.8614
-19.8612
-19.8611
-19.8609
-19.8608
-19.8606
-19.8605
-19.8604
-19.8603
-19.8602
-19.8601
-19.86
-19.8599
-19.8598
-19.8597
-19.8596
-19.8596
-19.8595
-19.8595
-19.8594
-19.8593
-19.8593
-19.8593
-19.8592
-19.8592
-19.8592
-19.8591
-19.8591
-19.8591
-19.859
-19.859
-19.859
-19.859
-19.859
-19.8589
-19.8589
-19.8589
-19.8589
-19.8589
-19.8589
-19.8589
-19.8589
-19.8589
-19.8589
-19.8588
-19.8588
-19.8588
-19.8588
-19.8588
-19.8588
-19.8588
-19.8588
-19.8588
-19.8588
-19.8588
-19.8588
-19.8588
-19.8588
-19.8588
-19.8588
-19.8588
-19.8588
-19.8588
-19.8588
-19.8588
-19.8588
-19.8588
-19.8588
-19.8588
-19.8588
-19.8588
-19.8588
-19.8588
-19.8588
-19.8588
-19.8588
-19.8588
-19.8588
-19.8588
-19.8588
-19.8588
-19.8588
-19.8588
-19.8588
-19.8588
-19.8588
-19.8588
-19.8588
-19.8588
-19.8588
-19.8588
-19.8588
-19.8588
-19.8588
-19.8588
-19.8588
-19.8588
-19.8588
-19.8588
-19.8588
-19.8588
-19.8588
-19.8588
-19.8588
-19.8588
-19.8588
-19.8588
-19.8588
-19.8588
-19.8588
-19.8588
-19.8588
-19.8588
-19.8588
-19.8588
-19.8588
-19.8588
-19.8588
-19.8588
-19.8588
-19.8588
-19.8588
-19.8588
-19.8588
-19.8588
-19.8588
-19.8588
-19.8588
-19.8588
-19.8588
-19.8588
-19.8588
-19.8588
-19.8588
-19.8588
-19.8588
-19.8588
-19.8588
-19.8588
-19.8588
-19.8588
-19.8588
-19.8588
-19.8588
-19.8588
-19.8588
-19.8588
-19.8588
-19.8588
-19.8588
-19.8588
-19.8588
-19.8588
-19.8588
-19.8588
-19.8588
-19.8588
-19.8588
-19.8588
-19.8588
-19.8588
-19.8588
-19.8588
-19.8588
-19.8588
-19.8588
-19.8588
-19.8588
-19.8588
-19.8588
-19.8588
-19.8588
-19.8588
-19.8588
-19.8588
-19.8588
-19.8588
-19.8588
-19.8588
-19.8588
-19.8588
-19.8588
-19.8588
-19.8588
-19.8588
-19.8588
-19.8588
-19.8588
-19.8588
-19.8588
-19.8588
-19.8588
-19.8588
-19.8588
-19.8588
-19.8588
-19.8588
-19.8588
-19.8588
-19.8588
-19.8588
-19.8588
-19.8588
-19.8588
-19.8588
-19.8588
-19.8588
-19.8588
-19.8588
-19.8588
-19.8588
-19.8588
-19.8588
-19.8588
-19.8588
-19.8588
-19.8588
-19.8588
-19.8588
-19.8588
-19.8588
-19.8588
-19.8588
-19.8588
-19.8588
-19.8588
-19.8588
-19.8588
-19.8588
-19.8588
-19.8588
-19.8588
-19.8588
-19.8588
-19.8588
-19.8588
-19.8588
-19.8588
-19.8588
-19.8588
-19.8588
-19.8588
-19.8588
-19.8588
-19.8588
-19.8588
-19.8588
-19.8588
-19.8588
-19.8588
-19.8588
-19.8588
-19.8588
-19.8588
-19.8588
-19.8588
-19.8588
-19.8588
-19.8588
-19.8588
-19.8588
-19.8588
-19.8588
-19.8588
-19.8588
-19.8588
-19.8588
-19.8588
-19.8588
-19.8588
-19.8588
-19.8588
-19.8588
-19.8588
-19.8588
-19.8588
-19.8588
-19.8588
-19.8588
-19.8588
-19.8588
-19.8588
-19.8588
-19.8588
-19.8588
-19.8588
-19.8588
-19.8588
-19.8588
-19.8588
-19.8588
-19.8588
-19.8588
-19.8588
-19.8588
-19.8588
-19.8588
-19.8588
-19.8588
-19.8588
-19.8588
-19.8588
-19.8588
-19.8588
-19.8588
-19.8588
-19.8588
-19.8587
-19.8587
-19.8587
-19.8587
-19.8587
-19.8587
-19.8587
-19.8587
-19.8587
-19.8587
-19.8587
-19.8587
-19.8586
-19.8586
-19.8586
-19.8586
-19.8586
-19.8586
-19.8585
-19.8585
-19.8585
-19.8584
-19.8584
-19.8584
-19.8583
-19.8583
-19.8582
-19.8582
-19.8581
-19.8581
-19.858
-19.858
-19.8579
-19.8578
-19.8578
-19.8577
-19.8576
-19.8575
-19.8574
-19.8573
-19.8572
-19.8571
-19.857
-19.8568
-19.8567
-19.8566
-19.8564
-19.8563
-19.8561
-19.856
-19.8558
-19.8556
-19.8554
-19.8552
-19.855
-19.8547
-19.8536
-19.8507
-19.8505
-19.8501
-19.8499
-19.8496
-19.8493
-19.849
-19.8487
-19.8483
-19.8479
-19.8476
-19.8473
-19.8472
-15.5757
-15.5755
-15.575
-15.5744
-15.5739
-15.5733
-15.5755
-15.576
-15.5755
-15.5751
-15.5748
-15.5744
-15.574
-15.5737
-15.5734
-15.5732
-15.5729
-15.5726
-15.5724
-15.5721
-15.5719
-15.5717
-15.5715
-15.5713
-15.5712
-15.571
-15.5708
-15.5707
-15.5705
-15.5704
-15.5703
-15.5702
-15.5701
-15.57
-15.5699
-15.5698
-15.5697
-15.5696
-15.5695
-15.5695
-15.5694
-15.5694
-15.5693
-15.5692
-15.5692
-15.5691
-15.5691
-15.5691
-15.569
-15.569
-15.569
-15.5689
-15.5689
-15.5689
-15.5689
-15.5689
-15.5688
-15.5688
-15.5688
-15.5688
-15.5688
-15.5688
-15.5688
-15.5688
-15.5687
-15.5687
-15.5687
-15.5687
-15.5687
-15.5687
-15.5687
-15.5687
-15.5687
-15.5687
-15.5687
-15.5687
-15.5687
-15.5687
-15.5687
-15.5687
-15.5687
-15.5687
-15.5687
-15.5687
-15.5687
-15.5687
-15.5687
-15.5687
-15.5687
-15.5687
-15.5687
-15.5687
-15.5687
-15.5687
-15.5687
-15.5687
-15.5687
-15.5687
-15.5687
-15.5687
-15.5687
-15.5687
-15.5687
-15.5687
-15.5687
-15.5687
-15.5687
-15.5687
-15.5687
-15.5687
-15.5687
-15.5687
-15.5687
-15.5687
-15.5687
-15.5687
-15.5687
-15.5687
-15.5687
-15.5687
-15.5687
-15.5687
-15.5687
-15.5687
-15.5687
-15.5687
-15.5687
-15.5687
-15.5687
-15.5687
-15.5687
-15.5687
-15.5687
-15.5687
-15.5687
-15.5687
-15.5687
-15.5687
-15.5687
-15.5687
-15.5687
-15.5687
-15.5687
-15.5687
-15.5687
-15.5687
-15.5687
-15.5687
-15.5687
-15.5687
-15.5687
-15.5687
-15.5687
-15.5687
-15.5687
-15.5687
-15.5687
-15.5687
-15.5687
-15.5687
-15.5687
-15.5687
-15.5687
-15.5687
-15.5687
-15.5687
-15.5687
-15.5687
-15.5687
-15.5687
-15.5687
-15.5687
-15.5687
-15.5687
-15.5687
-15.5687
-15.5687
-15.5687
-15.5687
-15.5687
-15.5687
-15.5687
-15.5687
-15.5687
-15.5687
-15.5687
-15.5687
-15.5687
-15.5687
-15.5687
-15.5687
-15.5687
-15.5687
-15.5687
-15.5687
-15.5687
-15.5687
-15.5687
-15.5687
-15.5687
-15.5687
-15.5687
-15.5687
-15.5687
-15.5687
-15.5687
-15.5687
-15.5687
-15.5687
-15.5687
-15.5687
-15.5687
-15.5687
-15.5687
-15.5687
-15.5687
-15.5687
-15.5687
-15.5687
-15.5687
-15.5687
-15.5687
-15.5687
-15.5687
-15.5687
-15.5687
-15.5687
-15.5687
-15.5687
-15.5687
-15.5687
-15.5687
-15.5687
-15.5687
-15.5687
-15.5687
-15.5687
-15.5687
-15.5687
-15.5687
-15.5687
-15.5687
-15.5687
-15.5687
-15.5687
-15.5687
-15.5687
-15.5687
-15.5687
-15.5687
-15.5687
-15.5687
-15.5687
-15.5687
-15.5687
-15.5687
-15.5687
-15.5687
-15.5687
-15.5687
-15.5687
-15.5687
-15.5687
-15.5687
-15.5687
-15.5687
-15.5687
-15.5687
-15.5687
-15.5687
-15.5687
-15.5687
-15.5687
-15.5687
-15.5687
-15.5687
-15.5687
-15.5687
-15.5687
-15.5687
-15.5687
-15.5687
-15.5687
-15.5687
-15.5687
-15.5687
-15.5687
-15.5687
-15.5687
-15.5687
-15.5687
-15.5687
-15.5687
-15.5687
-15.5687
-15.5687
-15.5687
-15.5687
-15.5687
-15.5687
-15.5687
-15.5687
-15.5687
-15.5687
-15.5687
-15.5687
-15.5687
-15.5687
-15.5687
-15.5687
-15.5687
-15.5687
-15.5687
-15.5687
-15.5687
-15.5687
-15.5687
-15.5687
-15.5687
-15.5687
-15.5687
-15.5687
-15.5687
-15.5687
-15.5686
-15.5686
-15.5686
-15.5686
-15.5686
-15.5686
-15.5686
-15.5686
-15.5686
-15.5686
-15.5686
-15.5686
-15.5686
-15.5686
-15.5686
-15.5686
-15.5685
-15.5685
-15.5685
-15.5685
-15.5685
-15.5684
-15.5684
-15.5684
-15.5684
-15.5684
-15.5683
-15.5683
-15.5683
-15.5682
-15.5682
-15.5682
-15.5681
-15.5681
-15.568
-15.568
-15.5679
-15.5679
-15.5678
-15.5677
-15.5677
-15.5676
-15.5675
-15.5674
-15.5673
-15.5672
-15.5671
-15.567
-15.5669
-15.5668
-15.5667
-15.5665
-15.5664
-15.5662
-15.5661
-15.5659
-15.5658
-15.5656
-15.5654
-15.5652
-15.565
-15.5648
-15.5636
-15.5608
-15.5605
-15.5602
-15.56
-15.5597
-15.5594
-15.5591
-15.5588
-15.5585
-15.5581
-15.5578
-15.5575
-15.5574
-10.8679
-10.8677
-10.8671
-10.8664
-10.8659
-10.8653
-10.8675
-10.8679
-10.8675
-10.8671
-10.8667
-10.8663
-10.866
-10.8657
-10.8653
-10.865
-10.8648
-10.8644
-10.8642
-10.864
-10.8638
-10.8636
-10.8633
-10.8632
-10.863
-10.8628
-10.8627
-10.8625
-10.8623
-10.8622
-10.8621
-10.862
-10.8619
-10.8618
-10.8617
-10.8616
-10.8615
-10.8614
-10.8613
-10.8613
-10.8612
-10.8612
-10.8611
-10.861
-10.861
-10.8609
-10.8609
-10.8609
-10.8608
-10.8608
-10.8607
-10.8607
-10.8607
-10.8607
-10.8607
-10.8606
-10.8606
-10.8606
-10.8606
-10.8606
-10.8606
-10.8606
-10.8605
-10.8605
-10.8605
-10.8605
-10.8605
-10.8605
-10.8605
-10.8605
-10.8605
-10.8605
-10.8605
-10.8605
-10.8605
-10.8605
-10.8605
-10.8605
-10.8605
-10.8605
-10.8605
-10.8605
-10.8605
-10.8605
-10.8605
-10.8605
-10.8605
-10.8605
-10.8605
-10.8605
-10.8605
-10.8605
-10.8605
-10.8605
-10.8605
-10.8605
-10.8605
-10.8605
-10.8605
-10.8605
-10.8605
-10.8605
-10.8605
-10.8605
-10.8605
-10.8605
-10.8605
-10.8605
-10.8605
-10.8605
-10.8605
-10.8605
-10.8605
-10.8605
-10.8605
-10.8605
-10.8605
-10.8605
-10.8605
-10.8605
-10.8605
-10.8605
-10.8605
-10.8605
-10.8605
-10.8605
-10.8605
-10.8605
-10.8605
-10.8605
-10.8605
-10.8605
-10.8605
-10.8605
-10.8605
-10.8605
-10.8605
-10.8605
-10.8605
-10.8605
-10.8605
-10.8605
-10.8605
-10.8605
-10.8605
-10.8605
-10.8605
-10.8605
-10.8605
-10.8605
-10.8605
-10.8605
-10.8605
-10.8605
-10.8605
-10.8605
-10.8605
-10.8605
-10.8605
-10.8605
-10.8605
-10.8605
-10.8605
-10.8605
-10.8605
-10.8605
-10.8605
-10.8605
-10.8605
-10.8605
-10.8605
-10.8605
-10.8605
-10.8605
-10.8605
-10.8605
-10.8605
-10.8605
-10.8605
-10.8605
-10.8605
-10.8605
-10.8605
-10.8605
-10.8605
-10.8605
-10.8605
-10.8605
-10.8605
-10.8605
-10.8605
-10.8605
-10.8605
-10.8605
-10.8605
-10.8605
-10.8605
-10.8605
-10.8605
-10.8605
-10.8605
-10.8605
-10.8605
-10.8605
-10.8605
-10.8605
-10.8605
-10.8605
-10.8605
-10.8605
-10.8605
-10.8605
-10.8605
-10.8605
-10.8605
-10.8605
-10.8605
-10.8605
-10.8605
-10.8605
-10.8605
-10.8605
-10.8605
-10.8605
-10.8605
-10.8605
-10.8605
-10.8605
-10.8605
-10.8605
-10.8605
-10.8605
-10.8605
-10.8605
-10.8605
-10.8605
-10.8605
-10.8605
-10.8605
-10.8605
-10.8605
-10.8605
-10.8605
-10.8605
-10.8605
-10.8605
-10.8605
-10.8605
-10.8605
-10.8605
-10.8605
-10.8605
-10.8605
-10.8605
-10.8605
-10.8605
-10.8605
-10.8605
-10.8605
-10.8605
-10.8605
-10.8605
-10.8605
-10.8605
-10.8605
-10.8605
-10.8605
-10.8605
-10.8605
-10.8605
-10.8605
-10.8605
-10.8605
-10.8605
-10.8605
-10.8605
-10.8605
-10.8605
-10.8605
-10.8605
-10.8605
-10.8605
-10.8605
-10.8605
-10.8605
-10.8605
-10.8605
-10.8605
-10.8605
-10.8605
-10.8605
-10.8605
-10.8605
-10.8605
-10.8605
-10.8605
-10.8605
-10.8605
-10.8605
-10.8605
-10.8605
-10.8605
-10.8605
-10.8605
-10.8605
-10.8605
-10.8605
-10.8605
-10.8605
-10.8605
-10.8605
-10.8605
-10.8605
-10.8605
-10.8605
-10.8605
-10.8605
-10.8605
-10.8605
-10.8604
-10.8604
-10.8604
-10.8604
-10.8604
-10.8604
-10.8604
-10.8604
-10.8604
-10.8604
-10.8604
-10.8604
-10.8604
-10.8604
-10.8604
-10.8604
-10.8604
-10.8604
-10.8604
-10.8604
-10.8603
-10.8603
-10.8603
-10.8603
-10.8603
-10.8603
-10.8602
-10.8602
-10.8602
-10.8602
-10.8602
-10.8601
-10.8601
-10.8601
-10.86
-10.86
-10.86
-10.8599
-10.8599
-10.8598
-10.8598
-10.8597
-10.8597
-10.8596
-10.8596
-10.8595
-10.8594
-10.8593
-10.8592
-10.8591
-10.8591
-10.859
-10.8589
-10.8588
-10.8586
-10.8585
-10.8584
-10.8582
-10.8581
-10.8579
-10.8578
-10.8576
-10.8574
-10.8573
-10.8571
-10.8569
-10.8567
-10.8556
-10.8527
-10.8525
-10.8522
-10.852
-10.8517
-10.8514
-10.8512
-10.8509
-10.8506
-10.8503
-10.85
-10.8496
-10.8496
-5.6992
-5.69904
-5.69833
-5.6976
-5.69706
-5.69646
-5.69863
-5.69902
-5.69857
-5.6981
-5.69776
-5.69736
-5.69698
-5.69669
-5.69628
-5.69604
-5.69576
-5.69543
-5.69521
-5.69499
-5.69474
-5.69454
-5.69428
-5.69412
-5.69396
-5.69377
-5.6936
-5.69345
-5.69327
-5.69316
-5.69301
-5.69291
-5.69281
-5.69272
-5.69263
-5.69251
-5.69243
-5.69233
-5.69227
-5.69221
-5.69215
-5.69209
-5.69204
-5.69192
-5.69188
-5.69184
-5.6918
-5.69177
-5.69173
-5.69171
-5.69165
-5.69163
-5.69161
-5.69159
-5.69157
-5.69155
-5.69154
-5.69152
-5.6915
-5.69149
-5.69148
-5.69147
-5.69146
-5.69145
-5.69144
-5.69143
-5.69143
-5.69142
-5.69142
-5.69141
-5.69141
-5.6914
-5.6914
-5.6914
-5.6914
-5.69139
-5.69139
-5.69139
-5.69139
-5.69139
-5.69139
-5.69138
-5.69138
-5.69138
-5.69138
-5.69138
-5.69138
-5.69138
-5.69138
-5.69138
-5.69138
-5.69138
-5.69137
-5.69137
-5.69137
-5.69137
-5.69137
-5.69137
-5.69137
-5.69137
-5.69137
-5.69137
-5.69137
-5.69137
-5.69137
-5.69137
-5.69137
-5.69137
-5.69137
-5.69137
-5.69137
-5.69137
-5.69137
-5.69137
-5.69137
-5.69137
-5.69137
-5.69137
-5.69137
-5.69137
-5.69137
-5.69137
-5.69137
-5.69137
-5.69137
-5.69137
-5.69137
-5.69137
-5.69137
-5.69137
-5.69137
-5.69137
-5.69137
-5.69137
-5.69137
-5.69137
-5.69137
-5.69137
-5.69137
-5.69137
-5.69137
-5.69137
-5.69137
-5.69137
-5.69137
-5.69137
-5.69137
-5.69137
-5.69137
-5.69137
-5.69137
-5.69137
-5.69137
-5.69137
-5.69137
-5.69137
-5.69137
-5.69137
-5.69137
-5.69137
-5.69137
-5.69137
-5.69137
-5.69137
-5.69137
-5.69137
-5.69137
-5.69137
-5.69137
-5.69137
-5.69137
-5.69137
-5.69137
-5.69137
-5.69137
-5.69137
-5.69137
-5.69137
-5.69137
-5.69137
-5.69137
-5.69137
-5.69137
-5.69137
-5.69137
-5.69137
-5.69137
-5.69137
-5.69137
-5.69137
-5.69137
-5.69137
-5.69137
-5.69137
-5.69137
-5.69137
-5.69137
-5.69137
-5.69137
-5.69137
-5.69137
-5.69137
-5.69137
-5.69137
-5.69137
-5.69137
-5.69137
-5.69137
-5.69137
-5.69137
-5.69137
-5.69137
-5.69137
-5.69137
-5.69137
-5.69137
-5.69137
-5.69137
-5.69137
-5.69137
-5.69137
-5.69137
-5.69137
-5.69137
-5.69137
-5.69137
-5.69137
-5.69137
-5.69137
-5.69137
-5.69137
-5.69137
-5.69137
-5.69137
-5.69137
-5.69137
-5.69137
-5.69137
-5.69137
-5.69137
-5.69137
-5.69137
-5.69137
-5.69137
-5.69137
-5.69137
-5.69137
-5.69137
-5.69137
-5.69137
-5.69137
-5.69137
-5.69137
-5.69137
-5.69137
-5.69137
-5.69137
-5.69137
-5.69137
-5.69137
-5.69137
-5.69137
-5.69137
-5.69137
-5.69137
-5.69137
-5.69137
-5.69137
-5.69137
-5.69137
-5.69137
-5.69137
-5.69137
-5.69137
-5.69137
-5.69137
-5.69137
-5.69137
-5.69137
-5.69137
-5.69137
-5.69137
-5.69137
-5.69137
-5.69137
-5.69137
-5.69137
-5.69137
-5.69137
-5.69137
-5.69137
-5.69137
-5.69137
-5.69137
-5.69137
-5.69137
-5.69137
-5.69137
-5.69137
-5.69137
-5.69137
-5.69137
-5.69137
-5.69137
-5.69137
-5.69137
-5.69137
-5.69137
-5.69137
-5.69137
-5.69137
-5.69137
-5.69137
-5.69137
-5.69137
-5.69137
-5.69137
-5.69136
-5.69136
-5.69136
-5.69136
-5.69136
-5.69135
-5.69135
-5.69135
-5.69135
-5.69134
-5.69134
-5.69133
-5.69133
-5.69132
-5.69132
-5.69131
-5.69131
-5.6913
-5.69129
-5.69128
-5.69127
-5.69127
-5.69125
-5.69124
-5.69123
-5.69121
-5.69119
-5.69117
-5.69115
-5.69115
-5.69113
-5.6911
-5.69107
-5.69104
-5.69101
-5.69097
-5.69093
-5.69096
-5.69092
-5.69087
-5.69082
-5.69076
-5.6907
-5.69066
-5.69064
-5.69057
-5.69049
-5.6904
-5.69031
-5.69022
-5.69016
-5.69007
-5.69001
-5.68991
-5.68984
-5.6897
-5.68956
-5.68947
-5.68936
-5.68921
-5.68907
-5.6889
-5.68882
-5.68864
-5.68845
-5.68832
-5.68815
-5.68792
-5.68776
-5.68665
-5.68381
-5.68356
-5.6833
-5.68311
-5.68287
-5.6826
-5.68235
-5.68207
-5.68181
-5.68151
-5.68126
-5.68096
-5.68095
-0.0180845
-0.017961
-0.0172283
-0.0164651
-0.0158927
-0.0152818
-0.0174272
-0.0178095
-0.0173479
-0.0168667
-0.0165076
-0.0161076
-0.0157063
-0.0154107
-0.0149954
-0.0147401
-0.0144568
-0.0141303
-0.0138978
-0.0136614
-0.0134184
-0.0132136
-0.0129414
-0.0127793
-0.012622
-0.0124166
-0.0122504
-0.0120959
-0.011925
-0.0118077
-0.011646
-0.0115425
-0.0114468
-0.011356
-0.0112702
-0.0111439
-0.0110647
-0.0109696
-0.0109036
-0.0108437
-0.0107876
-0.0107299
-0.0106805
-0.0105616
-0.010518
-0.0104748
-0.0104366
-0.0104059
-0.0103724
-0.0103461
-0.0102918
-0.0102669
-0.0102461
-0.0102271
-0.0101946
-0.0101785
-0.0101613
-0.0101478
-0.0101279
-0.0101116
-0.0101013
-0.0100919
-0.0100833
-0.0100755
-0.0100659
-0.010057
-0.0100512
-0.0100459
-0.0100411
-0.0100368
-0.0100329
-0.0100293
-0.0100262
-0.0100233
-0.0100208
-0.0100185
-0.0100164
-0.0100146
-0.0100129
-0.0100115
-0.0100102
-0.010009
-0.010008
-0.010007
-0.0100062
-0.0100055
-0.0100048
-0.0100043
-0.0100038
-0.0100008
-0.0100004
-0.0100001
-0.0099998
-0.00999953
-0.0099993
-0.0099991
-0.00999892
-0.00999876
-0.00999863
-0.00999851
-0.0099984
-0.00999831
-0.00999824
-0.00999817
-0.00999811
-0.00999806
-0.00999802
-0.00999798
-0.00999794
-0.00999792
-0.00999789
-0.00999787
-0.00999785
-0.00999784
-0.00999783
-0.00999781
-0.0099978
-0.0099978
-0.00999779
-0.00999778
-0.00999778
-0.00999777
-0.00999777
-0.00999777
-0.00999777
-0.00999776
-0.00999776
-0.00999776
-0.00999776
-0.00999776
-0.00999776
-0.00999776
-0.00999776
-0.00999775
-0.00999775
-0.00999775
-0.00999775
-0.00999775
-0.00999775
-0.00999775
-0.00999775
-0.00999775
-0.00999775
-0.00999775
-0.00999775
-0.00999775
-0.00999775
-0.00999775
-0.00999775
-0.00999775
-0.00999775
-0.00999775
-0.00999775
-0.00999775
-0.00999775
-0.00999775
-0.00999775
-0.00999775
-0.00999775
-0.00999775
-0.00999775
-0.00999775
-0.00999775
-0.00999775
-0.00999775
-0.00999775
-0.00999775
-0.00999775
-0.00999775
-0.00999775
-0.00999775
-0.00999775
-0.00999775
-0.00999775
-0.00999775
-0.00999775
-0.00999775
-0.00999775
-0.00999775
-0.00999775
-0.00999775
-0.00999775
-0.00999775
-0.00999775
-0.00999775
-0.00999775
-0.00999775
-0.00999775
-0.00999775
-0.00999775
-0.00999775
-0.00999775
-0.00999775
-0.00999775
-0.00999775
-0.00999775
-0.00999775
-0.00999775
-0.00999775
-0.00999775
-0.00999775
-0.00999775
-0.00999775
-0.00999775
-0.00999775
-0.00999775
-0.00999775
-0.00999775
-0.00999775
-0.00999775
-0.00999775
-0.00999775
-0.00999775
-0.00999775
-0.00999775
-0.00999775
-0.00999775
-0.00999775
-0.00999775
-0.00999775
-0.00999775
-0.00999775
-0.00999775
-0.00999775
-0.00999775
-0.00999775
-0.00999775
-0.00999775
-0.00999775
-0.00999775
-0.00999775
-0.00999775
-0.00999775
-0.00999775
-0.00999775
-0.00999775
-0.00999775
-0.00999775
-0.00999775
-0.00999775
-0.00999775
-0.00999775
-0.00999775
-0.00999775
-0.00999775
-0.00999775
-0.00999775
-0.00999775
-0.00999775
-0.00999775
-0.00999775
-0.00999775
-0.00999775
-0.00999775
-0.00999775
-0.00999775
-0.00999775
-0.00999775
-0.00999775
-0.00999775
-0.00999775
-0.00999775
-0.00999775
-0.00999775
-0.00999775
-0.00999775
-0.00999775
-0.00999775
-0.00999775
-0.00999775
-0.00999774
-0.00999774
-0.00999774
-0.00999774
-0.00999774
-0.00999773
-0.00999773
-0.00999772
-0.00999772
-0.00999771
-0.00999771
-0.0099977
-0.00999769
-0.00999768
-0.00999766
-0.00999765
-0.00999763
-0.0099976
-0.00999758
-0.00999755
-0.00999751
-0.00999747
-0.00999743
-0.00999737
-0.00999731
-0.00999723
-0.00999715
-0.00999705
-0.00999694
-0.00999681
-0.00999666
-0.00999649
-0.00999629
-0.00999606
-0.00999581
-0.00999551
-0.00999518
-0.00999479
-0.00999436
-0.00999636
-0.00999579
-0.00999515
-0.00999443
-0.0099936
-0.00999268
-0.00999163
-0.00999044
-0.00998911
-0.00998761
-0.00998592
-0.00998403
-0.00998191
-0.00997953
-0.00997688
-0.00997391
-0.0099706
-0.00996691
-0.0099628
-0.00995823
-0.00995315
-0.00994753
-0.00994379
-0.00993939
-0.00993177
-0.00992335
-0.00991406
-0.00990384
-0.00989509
-0.00989023
-0.00987916
-0.00986429
-0.00985051
-0.0098352
-0.00981575
-0.00980702
-0.0097865
-0.00978632
-0.00976393
-0.00973668
-0.0097069
-0.00967693
-0.00964408
-0.00960827
-0.00956657
-0.0096014
-0.00955752
-0.00950973
-0.00945542
-0.0093991
-0.00933814
-0.00930241
-0.00927892
-0.00920751
-0.00912303
-0.00904247
-0.00895065
-0.00886243
-0.00880975
-0.00872259
-0.00865789
-0.00856311
-0.00848521
-0.00836665
-0.00822202
-0.00814342
-0.00803083
-0.00788887
-0.00775465
-0.00759072
-0.00751672
-0.00733999
-0.00716023
-0.0070401
-0.0068894
-0.00666799
-0.00651869
-0.00542391
-0.00260155
-0.00235704
-0.00210842
-0.00194912
-0.00173053
-0.00147719
-0.00125176
-0.000978939
-0.00074334
-0.000467644
-0.000275913
-0
-9.49513e-06
)
;

boundaryField
{
    topWall
    {
        type            zeroGradient;
    }
    leftAndRightWalls
    {
        type            zeroGradient;
    }
    axis
    {
        type            symmetryPlane;
        value           nonuniform List<scalar> 
400
(
-48.4726
-48.4725
-48.4722
-48.4718
-48.4715
-48.4711
-48.4708
-48.4705
-48.4702
-48.4699
-48.4697
-48.4694
-48.4692
-48.469
-48.4687
-48.4685
-48.4683
-48.4681
-48.4679
-48.4678
-48.4676
-48.4674
-48.4673
-48.4672
-48.467
-48.4669
-48.4668
-48.4667
-48.4666
-48.4664
-48.4664
-48.4663
-48.4662
-48.4661
-48.466
-48.4659
-48.4659
-48.4658
-48.4658
-48.4657
-48.4657
-48.4656
-48.4656
-48.4655
-48.4655
-48.4654
-48.4654
-48.4654
-48.4654
-48.4653
-48.4653
-48.4653
-48.4653
-48.4652
-48.4652
-48.4652
-48.4652
-48.4652
-48.4652
-48.4652
-48.4651
-48.4651
-48.4651
-48.4651
-48.4651
-48.4651
-48.4651
-48.4651
-48.4651
-48.4651
-48.4651
-48.4651
-48.4651
-48.4651
-48.4651
-48.4651
-48.4651
-48.4651
-48.4651
-48.4651
-48.4651
-48.4651
-48.4651
-48.4651
-48.4651
-48.4651
-48.4651
-48.4651
-48.4651
-48.4651
-48.4651
-48.4651
-48.4651
-48.4651
-48.4651
-48.4651
-48.4651
-48.4651
-48.4651
-48.4651
-48.4651
-48.4651
-48.4651
-48.4651
-48.4651
-48.4651
-48.4651
-48.4651
-48.4651
-48.4651
-48.4651
-48.4651
-48.4651
-48.4651
-48.4651
-48.4651
-48.4651
-48.4651
-48.4651
-48.4651
-48.4651
-48.4651
-48.4651
-48.4651
-48.4651
-48.4651
-48.4651
-48.4651
-48.4651
-48.4651
-48.4651
-48.4651
-48.4651
-48.4651
-48.4651
-48.4651
-48.4651
-48.4651
-48.4651
-48.4651
-48.4651
-48.4651
-48.4651
-48.4651
-48.4651
-48.4651
-48.4651
-48.4651
-48.4651
-48.4651
-48.4651
-48.4651
-48.4651
-48.4651
-48.4651
-48.4651
-48.4651
-48.4651
-48.4651
-48.4651
-48.4651
-48.4651
-48.4651
-48.4651
-48.4651
-48.4651
-48.4651
-48.4651
-48.4651
-48.4651
-48.4651
-48.4651
-48.4651
-48.4651
-48.4651
-48.4651
-48.4651
-48.4651
-48.4651
-48.4651
-48.4651
-48.4651
-48.4651
-48.4651
-48.4651
-48.4651
-48.4651
-48.4651
-48.4651
-48.4651
-48.4651
-48.4651
-48.4651
-48.4651
-48.4651
-48.4651
-48.4651
-48.4651
-48.4651
-48.4651
-48.4651
-48.4651
-48.4651
-48.4651
-48.4651
-48.4651
-48.4651
-48.4651
-48.4651
-48.4651
-48.4651
-48.4651
-48.4651
-48.4651
-48.4651
-48.4651
-48.4651
-48.4651
-48.4651
-48.4651
-48.4651
-48.4651
-48.4651
-48.4651
-48.4651
-48.4651
-48.4651
-48.4651
-48.4651
-48.4651
-48.4651
-48.4651
-48.4651
-48.4651
-48.4651
-48.4651
-48.4651
-48.4651
-48.4651
-48.4651
-48.4651
-48.4651
-48.4651
-48.4651
-48.4651
-48.4651
-48.4651
-48.4651
-48.4651
-48.4651
-48.4651
-48.4651
-48.4651
-48.4651
-48.4651
-48.4651
-48.4651
-48.4651
-48.4651
-48.4651
-48.4651
-48.4651
-48.4651
-48.465
-48.465
-48.465
-48.465
-48.465
-48.465
-48.465
-48.465
-48.465
-48.465
-48.465
-48.465
-48.465
-48.465
-48.465
-48.465
-48.465
-48.465
-48.465
-48.465
-48.465
-48.465
-48.465
-48.465
-48.465
-48.465
-48.465
-48.465
-48.465
-48.465
-48.465
-48.465
-48.465
-48.465
-48.465
-48.465
-48.465
-48.465
-48.465
-48.465
-48.465
-48.465
-48.465
-48.465
-48.465
-48.465
-48.465
-48.465
-48.465
-48.465
-48.465
-48.465
-48.465
-48.465
-48.465
-48.465
-48.465
-48.465
-48.465
-48.465
-48.465
-48.465
-48.465
-48.465
-48.465
-48.465
-48.465
-48.465
-48.465
-48.465
-48.465
-48.465
-48.465
-48.4649
-48.4649
-48.4649
-48.4649
-48.4649
-48.4649
-48.4649
-48.4648
-48.4648
-48.4648
-48.4648
-48.4647
-48.4647
-48.4647
-48.4646
-48.4646
-48.4646
-48.4645
-48.4645
-48.4644
-48.4644
-48.4643
-48.4642
-48.4642
-48.4641
-48.464
-48.4639
-48.4639
-48.4638
-48.4637
-48.4635
-48.4634
-48.4633
-48.4632
-48.463
-48.4629
-48.4627
-48.4626
-48.4624
-48.4622
-48.462
-48.4618
-48.4616
-48.4614
-48.4612
-48.4609
-48.4607
-48.4604
-48.4602
-48.4599
-48.4596
-48.4593
-48.459
-48.4587
-48.4583
-48.458
-48.4576
-48.4573
-48.457
-48.4566
-48.4563
-48.4561
-48.4559
-48.4558
)
;
    }
    frontAndBack
    {
        type            empty;
    }
    solidInterface
    {
        type            zeroGradient;
    }
}


// ************************************************************************* //
