/*--------------------------------*- C++ -*----------------------------------*\
| =========                 |                                                 |
| \\      /  F ield         | foam-extend: Open Source CFD                    |
|  \\    /   O peration     | Version:     4.0                                |
|   \\  /    A nd           | Web:         http://www.foam-extend.org         |
|    \\/     M anipulation  |                                                 |
\*---------------------------------------------------------------------------*/
FoamFile
{
    version     2.0;
    format      ascii;
    class       volScalarField;
    location    "205.9";
    object      resT;
}
// * * * * * * * * * * * * * * * * * * * * * * * * * * * * * * * * * * * * * //

dimensions      [0 0 0 1 0 0 0];

internalField   nonuniform List<scalar> 
6000
(
-364.661
-364.661
-364.661
-364.661
-364.661
-364.661
-364.66
-364.66
-364.66
-364.66
-364.66
-364.66
-364.66
-364.66
-364.659
-364.659
-364.659
-364.659
-364.659
-364.659
-364.659
-364.659
-364.659
-364.659
-364.659
-364.659
-364.659
-364.659
-364.659
-364.659
-364.658
-364.658
-364.658
-364.658
-364.657
-364.657
-364.657
-364.656
-364.655
-364.655
-364.654
-364.653
-364.652
-364.65
-364.649
-364.647
-364.645
-364.642
-364.64
-364.637
-364.633
-364.629
-364.625
-364.619
-364.613
-364.607
-364.599
-364.591
-364.581
-364.57
-364.558
-364.544
-364.529
-364.511
-364.492
-364.47
-364.446
-364.419
-364.388
-364.355
-364.317
-364.276
-364.23
-364.179
-364.123
-364.061
-363.993
-363.918
-363.835
-363.744
-363.645
-363.536
-363.417
-363.286
-363.144
-362.989
-362.821
-362.637
-362.438
-362.223
-361.989
-361.736
-361.463
-361.168
-360.85
-360.507
-360.138
-359.742
-359.316
-358.86
-358.371
-357.847
-357.286
-356.686
-356.046
-355.362
-354.633
-353.856
-353.028
-352.146
-351.208
-350.21
-349.15
-348.022
-346.825
-345.553
-344.203
-342.769
-341.248
-339.633
-337.918
-336.098
-334.166
-332.114
-329.933
-327.616
-325.151
-322.527
-319.732
-316.752
-313.571
-310.171
-306.531
-302.628
-298.434
-293.915
-289.035
-283.749
-278.001
-271.725
-264.84
-257.24
-248.794
-239.33
-228.609
-216.289
-201.845
-184.385
-162.222
-131.447
-364.526
-364.526
-364.526
-364.526
-364.525
-364.525
-364.525
-364.525
-364.525
-364.525
-364.524
-364.524
-364.524
-364.524
-364.524
-364.524
-364.524
-364.524
-364.524
-364.524
-364.524
-364.523
-364.523
-364.523
-364.523
-364.523
-364.523
-364.523
-364.523
-364.523
-364.523
-364.523
-364.523
-364.522
-364.522
-364.522
-364.521
-364.521
-364.52
-364.519
-364.518
-364.517
-364.516
-364.515
-364.513
-364.511
-364.509
-364.507
-364.504
-364.501
-364.498
-364.494
-364.489
-364.484
-364.478
-364.471
-364.464
-364.455
-364.446
-364.435
-364.422
-364.409
-364.393
-364.376
-364.356
-364.335
-364.31
-364.283
-364.253
-364.219
-364.182
-364.141
-364.095
-364.044
-363.988
-363.926
-363.858
-363.782
-363.7
-363.609
-363.509
-363.4
-363.282
-363.151
-363.009
-362.855
-362.687
-362.504
-362.306
-362.091
-361.858
-361.605
-361.333
-361.039
-360.722
-360.38
-360.012
-359.617
-359.192
-358.736
-358.248
-357.725
-357.165
-356.567
-355.928
-355.245
-354.517
-353.741
-352.914
-352.034
-351.097
-350.1
-349.041
-347.915
-346.719
-345.448
-344.099
-342.667
-341.147
-339.534
-337.821
-336.002
-334.072
-332.021
-329.842
-327.526
-325.063
-322.441
-319.648
-316.669
-313.489
-310.091
-306.452
-302.55
-298.357
-293.841
-288.963
-283.679
-277.933
-271.66
-264.777
-257.182
-248.739
-239.273
-228.553
-216.235
-201.792
-184.333
-162.17
-131.395
-364.255
-364.255
-364.255
-364.254
-364.254
-364.254
-364.254
-364.254
-364.254
-364.253
-364.253
-364.253
-364.253
-364.253
-364.253
-364.253
-364.253
-364.253
-364.252
-364.252
-364.252
-364.252
-364.252
-364.252
-364.252
-364.252
-364.252
-364.252
-364.252
-364.252
-364.252
-364.252
-364.251
-364.251
-364.251
-364.25
-364.25
-364.249
-364.249
-364.248
-364.247
-364.246
-364.245
-364.244
-364.242
-364.24
-364.238
-364.236
-364.233
-364.23
-364.227
-364.223
-364.218
-364.213
-364.207
-364.2
-364.193
-364.184
-364.174
-364.163
-364.151
-364.137
-364.122
-364.105
-364.085
-364.063
-364.039
-364.012
-363.982
-363.948
-363.911
-363.87
-363.824
-363.773
-363.717
-363.655
-363.586
-363.511
-363.429
-363.338
-363.238
-363.129
-363.01
-362.88
-362.738
-362.584
-362.416
-362.233
-362.035
-361.82
-361.587
-361.334
-361.063
-360.771
-360.455
-360.115
-359.749
-359.355
-358.932
-358.479
-357.992
-357.471
-356.914
-356.317
-355.68
-355
-354.274
-353.501
-352.676
-351.798
-350.864
-349.87
-348.813
-347.69
-346.496
-345.229
-343.882
-342.453
-340.936
-339.325
-337.615
-335.8
-333.872
-331.825
-329.649
-327.337
-324.876
-322.258
-319.468
-316.494
-313.318
-309.924
-306.289
-302.391
-298.202
-293.69
-288.816
-283.535
-277.794
-271.525
-264.645
-257.053
-248.614
-239.157
-228.441
-216.123
-201.682
-184.223
-162.06
-131.285
-363.847
-363.847
-363.847
-363.847
-363.847
-363.846
-363.846
-363.846
-363.846
-363.846
-363.846
-363.845
-363.845
-363.845
-363.845
-363.845
-363.845
-363.845
-363.845
-363.845
-363.845
-363.845
-363.845
-363.845
-363.845
-363.845
-363.845
-363.844
-363.844
-363.844
-363.844
-363.844
-363.844
-363.843
-363.843
-363.843
-363.842
-363.842
-363.841
-363.84
-363.839
-363.838
-363.837
-363.836
-363.834
-363.833
-363.831
-363.828
-363.826
-363.823
-363.819
-363.815
-363.81
-363.805
-363.799
-363.793
-363.785
-363.776
-363.767
-363.756
-363.744
-363.73
-363.714
-363.697
-363.678
-363.656
-363.632
-363.604
-363.574
-363.541
-363.503
-363.462
-363.416
-363.365
-363.309
-363.247
-363.179
-363.104
-363.021
-362.93
-362.831
-362.722
-362.603
-362.472
-362.331
-362.176
-362.008
-361.826
-361.627
-361.412
-361.179
-360.927
-360.656
-360.363
-360.048
-359.708
-359.344
-358.948
-358.528
-358.071
-357.588
-357.07
-356.516
-355.922
-355.289
-354.612
-353.889
-353.119
-352.298
-351.424
-350.493
-349.503
-348.45
-347.331
-346.141
-344.878
-343.536
-342.111
-340.598
-338.992
-337.286
-335.475
-333.552
-331.509
-329.338
-327.03
-324.575
-321.961
-319.176
-316.206
-313.035
-309.646
-306.017
-302.124
-297.941
-293.434
-288.566
-283.292
-277.557
-271.295
-264.422
-256.835
-248.402
-238.947
-228.23
-215.915
-201.478
-184.019
-161.856
-131.081
-363.302
-363.302
-363.302
-363.301
-363.301
-363.301
-363.301
-363.301
-363.301
-363.3
-363.3
-363.3
-363.3
-363.3
-363.3
-363.3
-363.3
-363.3
-363.299
-363.299
-363.299
-363.299
-363.299
-363.299
-363.299
-363.299
-363.299
-363.299
-363.299
-363.299
-363.299
-363.299
-363.298
-363.298
-363.298
-363.297
-363.297
-363.296
-363.296
-363.295
-363.294
-363.293
-363.292
-363.291
-363.289
-363.287
-363.285
-363.283
-363.28
-363.277
-363.274
-363.27
-363.265
-363.26
-363.254
-363.247
-363.24
-363.231
-363.221
-363.21
-363.198
-363.185
-363.169
-363.152
-363.132
-363.11
-363.086
-363.059
-363.029
-362.996
-362.958
-362.917
-362.871
-362.82
-362.764
-362.702
-362.634
-362.558
-362.476
-362.385
-362.286
-362.177
-362.058
-361.927
-361.785
-361.631
-361.463
-361.28
-361.082
-360.867
-360.634
-360.382
-360.111
-359.818
-359.502
-359.163
-358.799
-358.403
-357.983
-357.527
-357.043
-356.529
-355.971
-355.382
-354.753
-354.08
-353.363
-352.597
-351.781
-350.912
-349.986
-349.001
-347.954
-346.84
-345.656
-344.398
-343.061
-341.642
-340.135
-338.534
-336.835
-335.03
-333.113
-331.076
-328.912
-326.61
-324.161
-321.554
-318.775
-315.813
-312.649
-309.267
-305.645
-301.761
-297.586
-293.087
-288.228
-282.962
-277.236
-270.982
-264.117
-256.54
-248.114
-238.665
-227.953
-215.644
-201.211
-183.753
-161.59
-130.815
-362.618
-362.617
-362.617
-362.617
-362.617
-362.617
-362.617
-362.616
-362.616
-362.616
-362.616
-362.616
-362.616
-362.616
-362.615
-362.615
-362.615
-362.615
-362.615
-362.615
-362.615
-362.615
-362.615
-362.615
-362.615
-362.615
-362.615
-362.615
-362.615
-362.615
-362.614
-362.614
-362.614
-362.614
-362.613
-362.613
-362.613
-362.612
-362.611
-362.611
-362.61
-362.609
-362.608
-362.606
-362.605
-362.603
-362.601
-362.599
-362.596
-362.593
-362.589
-362.585
-362.58
-362.575
-362.569
-362.563
-362.555
-362.547
-362.537
-362.526
-362.514
-362.5
-362.484
-362.467
-362.448
-362.426
-362.402
-362.375
-362.344
-362.311
-362.274
-362.232
-362.186
-362.135
-362.079
-362.018
-361.949
-361.874
-361.791
-361.701
-361.601
-361.492
-361.374
-361.243
-361.101
-360.947
-360.779
-360.596
-360.398
-360.183
-359.95
-359.698
-359.427
-359.134
-358.818
-358.479
-358.115
-357.719
-357.299
-356.843
-356.359
-355.846
-355.287
-354.699
-354.069
-353.397
-352.685
-351.926
-351.116
-350.253
-349.334
-348.355
-347.314
-346.207
-345.03
-343.779
-342.449
-341.037
-339.538
-337.945
-336.253
-334.456
-332.546
-330.517
-328.361
-326.067
-323.627
-321.028
-318.259
-315.305
-312.15
-308.777
-305.164
-301.288
-297.122
-292.634
-287.785
-282.53
-276.813
-270.57
-263.718
-256.152
-247.738
-238.3
-227.598
-215.29
-200.855
-183.399
-161.237
-130.461
-361.792
-361.792
-361.792
-361.792
-361.791
-361.791
-361.791
-361.791
-361.791
-361.791
-361.791
-361.79
-361.79
-361.79
-361.79
-361.79
-361.79
-361.79
-361.79
-361.79
-361.79
-361.79
-361.79
-361.79
-361.79
-361.79
-361.789
-361.789
-361.789
-361.789
-361.789
-361.789
-361.789
-361.788
-361.788
-361.788
-361.787
-361.787
-361.786
-361.785
-361.784
-361.783
-361.782
-361.781
-361.779
-361.778
-361.776
-361.773
-361.77
-361.767
-361.764
-361.76
-361.755
-361.75
-361.744
-361.738
-361.73
-361.722
-361.711
-361.701
-361.689
-361.675
-361.659
-361.642
-361.623
-361.601
-361.577
-361.549
-361.519
-361.486
-361.448
-361.407
-361.361
-361.31
-361.254
-361.192
-361.124
-361.049
-360.966
-360.875
-360.776
-360.667
-360.548
-360.417
-360.276
-360.122
-359.954
-359.771
-359.573
-359.358
-359.125
-358.873
-358.602
-358.309
-357.994
-357.654
-357.29
-356.894
-356.474
-356.018
-355.535
-355.021
-354.463
-353.874
-353.245
-352.573
-351.861
-351.102
-350.3
-349.429
-348.518
-347.547
-346.514
-345.415
-344.247
-343.004
-341.684
-340.28
-338.789
-337.206
-335.523
-333.735
-331.836
-329.816
-327.67
-325.386
-322.956
-320.368
-317.609
-314.666
-311.522
-308.16
-304.559
-300.695
-296.54
-292.063
-287.225
-281.982
-276.279
-270.049
-263.21
-255.658
-247.256
-237.832
-227.144
-214.85
-200.423
-182.97
-160.807
-130.032
-360.823
-360.823
-360.823
-360.823
-360.823
-360.822
-360.822
-360.822
-360.822
-360.822
-360.822
-360.822
-360.822
-360.822
-360.821
-360.821
-360.821
-360.821
-360.821
-360.821
-360.821
-360.821
-360.821
-360.821
-360.821
-360.821
-360.821
-360.821
-360.821
-360.821
-360.82
-360.82
-360.82
-360.82
-360.819
-360.819
-360.818
-360.818
-360.817
-360.816
-360.816
-360.815
-360.813
-360.812
-360.811
-360.809
-360.807
-360.805
-360.802
-360.799
-360.795
-360.791
-360.786
-360.781
-360.775
-360.769
-360.761
-360.753
-360.742
-360.732
-360.72
-360.706
-360.69
-360.673
-360.654
-360.632
-360.608
-360.581
-360.55
-360.517
-360.48
-360.438
-360.392
-360.341
-360.285
-360.223
-360.155
-360.08
-359.997
-359.907
-359.807
-359.698
-359.58
-359.449
-359.307
-359.153
-358.985
-358.802
-358.605
-358.389
-358.156
-357.904
-357.633
-357.341
-357.025
-356.686
-356.322
-355.926
-355.506
-355.051
-354.567
-354.054
-353.495
-352.907
-352.278
-351.606
-350.895
-350.135
-349.333
-348.463
-347.552
-346.591
-345.567
-344.478
-343.319
-342.086
-340.776
-339.383
-337.903
-336.33
-334.658
-332.881
-330.993
-328.985
-326.85
-324.578
-322.16
-319.584
-316.838
-313.907
-310.776
-307.426
-303.838
-299.988
-295.848
-291.386
-286.564
-281.337
-275.65
-269.435
-262.611
-255.073
-246.688
-237.28
-226.602
-214.311
-199.874
-182.411
-160.248
-129.473
-359.708
-359.708
-359.708
-359.708
-359.708
-359.707
-359.707
-359.707
-359.707
-359.707
-359.707
-359.707
-359.707
-359.707
-359.706
-359.706
-359.706
-359.706
-359.706
-359.706
-359.706
-359.706
-359.706
-359.706
-359.706
-359.706
-359.706
-359.706
-359.706
-359.706
-359.705
-359.705
-359.705
-359.705
-359.704
-359.704
-359.703
-359.703
-359.702
-359.701
-359.701
-359.7
-359.698
-359.697
-359.696
-359.694
-359.692
-359.69
-359.687
-359.684
-359.68
-359.676
-359.671
-359.666
-359.66
-359.654
-359.646
-359.638
-359.628
-359.617
-359.605
-359.591
-359.575
-359.558
-359.539
-359.517
-359.493
-359.466
-359.435
-359.402
-359.365
-359.323
-359.277
-359.226
-359.17
-359.109
-359.041
-358.965
-358.883
-358.792
-358.692
-358.583
-358.465
-358.334
-358.193
-358.038
-357.871
-357.688
-357.49
-357.274
-357.042
-356.79
-356.519
-356.227
-355.911
-355.572
-355.208
-354.812
-354.392
-353.937
-353.454
-352.94
-352.382
-351.793
-351.165
-350.493
-349.782
-349.023
-348.221
-347.351
-346.44
-345.479
-344.456
-343.378
-342.231
-341.01
-339.712
-338.331
-336.863
-335.303
-333.644
-331.88
-330.005
-328.011
-325.89
-323.632
-321.228
-318.667
-315.935
-313.019
-309.903
-306.57
-302.998
-299.164
-295.04
-290.595
-285.79
-280.581
-274.911
-268.714
-261.908
-254.389
-246.024
-236.63
-225.964
-213.68
-199.249
-181.789
-159.628
-128.852
-358.444
-358.444
-358.444
-358.443
-358.443
-358.443
-358.443
-358.443
-358.443
-358.442
-358.443
-358.442
-358.442
-358.442
-358.442
-358.442
-358.442
-358.442
-358.442
-358.442
-358.442
-358.442
-358.442
-358.442
-358.442
-358.441
-358.441
-358.441
-358.441
-358.441
-358.441
-358.441
-358.441
-358.44
-358.44
-358.44
-358.439
-358.438
-358.438
-358.437
-358.436
-358.435
-358.434
-358.433
-358.431
-358.43
-358.428
-358.425
-358.423
-358.42
-358.416
-358.412
-358.407
-358.402
-358.396
-358.39
-358.382
-358.374
-358.363
-358.353
-358.341
-358.327
-358.311
-358.294
-358.275
-358.253
-358.229
-358.202
-358.171
-358.138
-358.101
-358.059
-358.013
-357.962
-357.906
-357.845
-357.777
-357.701
-357.619
-357.528
-357.428
-357.319
-357.201
-357.07
-356.929
-356.774
-356.607
-356.424
-356.226
-356.011
-355.778
-355.526
-355.255
-354.964
-354.648
-354.308
-353.945
-353.549
-353.129
-352.674
-352.191
-351.678
-351.119
-350.531
-349.902
-349.231
-348.52
-347.762
-346.959
-346.09
-345.179
-344.219
-343.197
-342.119
-340.972
-339.752
-338.468
-337.101
-335.647
-334.101
-332.457
-330.709
-328.848
-326.87
-324.764
-322.522
-320.134
-317.589
-314.875
-311.976
-308.877
-305.561
-302.007
-298.192
-294.087
-289.661
-284.876
-279.687
-274.037
-267.861
-261.075
-253.574
-245.226
-235.849
-225.201
-212.93
-198.508
-181.053
-158.892
-128.116
-357.027
-357.027
-357.026
-357.026
-357.026
-357.026
-357.026
-357.025
-357.025
-357.025
-357.025
-357.025
-357.025
-357.025
-357.025
-357.025
-357.025
-357.024
-357.024
-357.024
-357.024
-357.024
-357.024
-357.024
-357.024
-357.024
-357.024
-357.024
-357.024
-357.024
-357.024
-357.024
-357.023
-357.023
-357.023
-357.022
-357.022
-357.021
-357.02
-357.02
-357.019
-357.018
-357.017
-357.016
-357.014
-357.012
-357.01
-357.008
-357.005
-357.002
-356.999
-356.995
-356.99
-356.985
-356.979
-356.973
-356.964
-356.956
-356.946
-356.936
-356.924
-356.91
-356.893
-356.877
-356.858
-356.835
-356.812
-356.785
-356.754
-356.721
-356.684
-356.641
-356.595
-356.545
-356.489
-356.428
-356.359
-356.284
-356.202
-356.111
-356.011
-355.902
-355.784
-355.653
-355.512
-355.358
-355.19
-355.008
-354.809
-354.594
-354.362
-354.109
-353.839
-353.547
-353.232
-352.892
-352.529
-352.133
-351.713
-351.258
-350.775
-350.262
-349.704
-349.115
-348.487
-347.816
-347.106
-346.348
-345.546
-344.677
-343.766
-342.806
-341.785
-340.707
-339.562
-338.342
-337.059
-335.693
-334.256
-332.726
-331.099
-329.367
-327.524
-325.563
-323.476
-321.252
-318.882
-316.356
-313.659
-310.78
-307.701
-304.405
-300.872
-297.077
-292.994
-288.59
-283.826
-278.659
-273.034
-266.881
-260.12
-252.645
-244.321
-234.968
-224.337
-212.079
-197.669
-180.222
-158.062
-127.286
-355.452
-355.452
-355.452
-355.452
-355.451
-355.451
-355.451
-355.451
-355.451
-355.45
-355.451
-355.451
-355.45
-355.45
-355.45
-355.45
-355.45
-355.45
-355.45
-355.45
-355.45
-355.45
-355.45
-355.45
-355.45
-355.449
-355.449
-355.449
-355.449
-355.449
-355.449
-355.449
-355.449
-355.448
-355.448
-355.448
-355.447
-355.446
-355.446
-355.445
-355.444
-355.443
-355.442
-355.441
-355.44
-355.438
-355.436
-355.434
-355.431
-355.428
-355.424
-355.42
-355.415
-355.41
-355.404
-355.398
-355.389
-355.381
-355.371
-355.361
-355.349
-355.335
-355.319
-355.302
-355.284
-355.261
-355.237
-355.21
-355.179
-355.147
-355.109
-355.067
-355.021
-354.97
-354.915
-354.853
-354.785
-354.709
-354.627
-354.536
-354.436
-354.327
-354.209
-354.079
-353.938
-353.783
-353.616
-353.433
-353.235
-353.02
-352.788
-352.535
-352.266
-351.974
-351.658
-351.319
-350.955
-350.56
-350.14
-349.685
-349.202
-348.689
-348.132
-347.543
-346.916
-346.245
-345.535
-344.777
-343.975
-343.106
-342.197
-341.237
-340.216
-339.14
-337.995
-336.776
-335.493
-334.129
-332.693
-331.182
-329.574
-327.862
-326.039
-324.098
-322.03
-319.827
-317.479
-314.973
-312.299
-309.442
-306.386
-303.114
-299.605
-295.834
-291.775
-287.396
-282.658
-277.517
-271.917
-265.792
-259.057
-251.608
-243.311
-233.982
-223.371
-211.131
-196.726
-179.275
-157.116
-126.341
-353.715
-353.715
-353.715
-353.714
-353.714
-353.714
-353.714
-353.714
-353.713
-353.713
-353.714
-353.713
-353.713
-353.713
-353.713
-353.713
-353.713
-353.713
-353.713
-353.712
-353.712
-353.712
-353.712
-353.712
-353.712
-353.712
-353.712
-353.712
-353.712
-353.712
-353.712
-353.712
-353.711
-353.711
-353.711
-353.711
-353.71
-353.709
-353.709
-353.708
-353.707
-353.706
-353.705
-353.704
-353.702
-353.701
-353.699
-353.697
-353.694
-353.691
-353.687
-353.683
-353.678
-353.673
-353.667
-353.661
-353.652
-353.644
-353.634
-353.624
-353.612
-353.598
-353.581
-353.565
-353.547
-353.524
-353.5
-353.473
-353.442
-353.41
-353.372
-353.33
-353.284
-353.234
-353.178
-353.117
-353.048
-352.973
-352.89
-352.8
-352.7
-352.591
-352.473
-352.343
-352.201
-352.047
-351.879
-351.697
-351.499
-351.283
-351.051
-350.799
-350.53
-350.238
-349.922
-349.583
-349.22
-348.824
-348.405
-347.95
-347.467
-346.955
-346.398
-345.809
-345.182
-344.511
-343.802
-343.044
-342.243
-341.375
-340.466
-339.507
-338.487
-337.411
-336.266
-335.048
-333.767
-332.405
-330.97
-329.461
-327.855
-326.164
-324.364
-322.445
-320.4
-318.22
-315.896
-313.415
-310.765
-307.933
-304.903
-301.656
-298.172
-294.428
-290.397
-286.045
-281.335
-276.223
-270.651
-264.554
-257.849
-250.429
-242.156
-232.848
-222.26
-210.037
-195.647
-178.208
-156.052
-125.276
-351.81
-351.81
-351.809
-351.809
-351.809
-351.809
-351.809
-351.808
-351.808
-351.808
-351.808
-351.808
-351.808
-351.808
-351.808
-351.808
-351.808
-351.807
-351.807
-351.807
-351.807
-351.807
-351.807
-351.807
-351.807
-351.807
-351.807
-351.807
-351.807
-351.807
-351.807
-351.806
-351.806
-351.806
-351.806
-351.805
-351.804
-351.804
-351.803
-351.803
-351.802
-351.801
-351.8
-351.799
-351.797
-351.796
-351.794
-351.792
-351.789
-351.786
-351.782
-351.778
-351.773
-351.768
-351.762
-351.756
-351.747
-351.74
-351.73
-351.72
-351.707
-351.693
-351.676
-351.66
-351.642
-351.618
-351.595
-351.569
-351.538
-351.505
-351.467
-351.425
-351.379
-351.329
-351.273
-351.212
-351.144
-351.068
-350.986
-350.895
-350.795
-350.686
-350.569
-350.438
-350.296
-350.143
-349.974
-349.793
-349.595
-349.379
-349.147
-348.894
-348.626
-348.334
-348.018
-347.68
-347.317
-346.921
-346.502
-346.048
-345.565
-345.053
-344.496
-343.908
-343.281
-342.61
-341.902
-341.144
-340.343
-339.476
-338.568
-337.609
-336.59
-335.515
-334.371
-333.155
-331.875
-330.514
-329.081
-327.574
-325.97
-324.282
-322.484
-320.591
-318.572
-316.419
-314.121
-311.667
-309.045
-306.24
-303.239
-300.021
-296.567
-292.854
-288.853
-284.533
-279.856
-274.776
-269.238
-263.176
-256.506
-249.119
-240.879
-231.599
-221.035
-208.83
-194.447
-177.011
-154.858
-124.083
-349.73
-349.73
-349.73
-349.73
-349.73
-349.729
-349.729
-349.729
-349.729
-349.729
-349.729
-349.729
-349.729
-349.729
-349.728
-349.728
-349.728
-349.728
-349.728
-349.728
-349.728
-349.728
-349.728
-349.728
-349.728
-349.728
-349.728
-349.728
-349.728
-349.727
-349.727
-349.727
-349.727
-349.727
-349.726
-349.726
-349.725
-349.725
-349.724
-349.723
-349.723
-349.722
-349.721
-349.719
-349.718
-349.716
-349.714
-349.712
-349.709
-349.707
-349.703
-349.699
-349.694
-349.689
-349.683
-349.677
-349.668
-349.661
-349.651
-349.641
-349.628
-349.613
-349.597
-349.581
-349.563
-349.539
-349.516
-349.489
-349.459
-349.426
-349.388
-349.346
-349.3
-349.25
-349.194
-349.133
-349.065
-348.99
-348.907
-348.816
-348.716
-348.608
-348.49
-348.36
-348.218
-348.064
-347.895
-347.715
-347.517
-347.3
-347.069
-346.816
-346.548
-346.256
-345.941
-345.602
-345.24
-344.844
-344.425
-343.971
-343.489
-342.977
-342.42
-341.833
-341.206
-340.536
-339.827
-339.07
-338.271
-337.404
-336.496
-335.539
-334.521
-333.446
-332.304
-331.089
-329.811
-328.452
-327.02
-325.516
-323.914
-322.23
-320.434
-318.546
-316.532
-314.408
-312.14
-309.717
-307.126
-304.354
-301.384
-298.199
-294.779
-291.099
-287.133
-282.847
-278.205
-273.16
-267.659
-261.635
-255
-247.648
-239.444
-230.201
-219.669
-207.492
-193.124
-175.695
-153.547
-122.772
-347.47
-347.47
-347.47
-347.469
-347.469
-347.469
-347.469
-347.468
-347.468
-347.468
-347.468
-347.468
-347.468
-347.468
-347.468
-347.468
-347.467
-347.467
-347.467
-347.467
-347.467
-347.467
-347.467
-347.467
-347.467
-347.467
-347.467
-347.467
-347.467
-347.467
-347.467
-347.466
-347.466
-347.466
-347.466
-347.465
-347.464
-347.464
-347.463
-347.463
-347.462
-347.461
-347.46
-347.459
-347.457
-347.456
-347.454
-347.452
-347.449
-347.446
-347.443
-347.439
-347.433
-347.429
-347.422
-347.416
-347.408
-347.4
-347.391
-347.381
-347.368
-347.353
-347.336
-347.32
-347.303
-347.279
-347.255
-347.229
-347.198
-347.166
-347.127
-347.086
-347.04
-346.99
-346.934
-346.873
-346.805
-346.73
-346.648
-346.556
-346.456
-346.348
-346.23
-346.1
-345.958
-345.805
-345.636
-345.455
-345.257
-345.041
-344.81
-344.557
-344.289
-343.997
-343.682
-343.344
-342.982
-342.586
-342.168
-341.714
-341.232
-340.721
-340.164
-339.577
-338.95
-338.281
-337.573
-336.817
-336.018
-335.152
-334.244
-333.288
-332.271
-331.198
-330.058
-328.844
-327.568
-326.211
-324.782
-323.28
-321.68
-320
-318.208
-316.324
-314.316
-312.198
-309.964
-307.575
-305.019
-302.281
-299.347
-296.199
-292.815
-289.173
-285.245
-280.999
-276.397
-271.393
-265.932
-259.946
-253.352
-246.043
-237.879
-228.673
-218.169
-206.012
-191.658
-174.243
-152.102
-121.328
-345.02
-345.02
-345.02
-345.019
-345.019
-345.019
-345.019
-345.018
-345.018
-345.018
-345.018
-345.018
-345.018
-345.018
-345.018
-345.018
-345.018
-345.017
-345.017
-345.017
-345.017
-345.017
-345.017
-345.017
-345.017
-345.017
-345.017
-345.017
-345.017
-345.017
-345.017
-345.016
-345.016
-345.016
-345.016
-345.015
-345.014
-345.014
-345.013
-345.013
-345.012
-345.011
-345.01
-345.009
-345.007
-345.006
-345.004
-345.002
-344.999
-344.996
-344.993
-344.989
-344.983
-344.979
-344.973
-344.967
-344.958
-344.951
-344.941
-344.932
-344.919
-344.904
-344.886
-344.87
-344.853
-344.829
-344.806
-344.78
-344.748
-344.716
-344.678
-344.636
-344.59
-344.54
-344.484
-344.423
-344.355
-344.28
-344.198
-344.107
-344.007
-343.898
-343.78
-343.651
-343.509
-343.356
-343.187
-343.006
-342.808
-342.592
-342.361
-342.109
-341.84
-341.549
-341.235
-340.896
-340.534
-340.138
-339.721
-339.268
-338.786
-338.275
-337.719
-337.132
-336.506
-335.838
-335.13
-334.375
-333.576
-332.711
-331.805
-330.85
-329.834
-328.763
-327.623
-326.412
-325.137
-323.783
-322.357
-320.857
-319.261
-317.586
-315.797
-313.919
-311.917
-309.807
-307.58
-305.229
-302.712
-300.015
-297.121
-294.013
-290.672
-287.072
-283.187
-278.985
-274.427
-269.468
-264.052
-258.112
-251.564
-244.299
-236.177
-227.011
-216.547
-204.42
-190.09
-172.671
-150.515
-119.742
-342.372
-342.372
-342.372
-342.371
-342.371
-342.371
-342.371
-342.371
-342.37
-342.37
-342.37
-342.37
-342.37
-342.37
-342.37
-342.37
-342.37
-342.369
-342.369
-342.369
-342.369
-342.369
-342.369
-342.369
-342.369
-342.369
-342.369
-342.369
-342.369
-342.369
-342.369
-342.368
-342.368
-342.368
-342.368
-342.367
-342.366
-342.366
-342.365
-342.365
-342.364
-342.363
-342.362
-342.361
-342.359
-342.358
-342.356
-342.354
-342.351
-342.348
-342.345
-342.341
-342.336
-342.331
-342.325
-342.319
-342.31
-342.303
-342.293
-342.283
-342.27
-342.256
-342.238
-342.222
-342.205
-342.181
-342.158
-342.132
-342.1
-342.068
-342.03
-341.989
-341.942
-341.892
-341.836
-341.775
-341.707
-341.632
-341.551
-341.459
-341.36
-341.251
-341.133
-341.003
-340.862
-340.709
-340.54
-340.359
-340.161
-339.945
-339.715
-339.463
-339.194
-338.903
-338.589
-338.251
-337.889
-337.493
-337.076
-336.623
-336.142
-335.632
-335.076
-334.49
-333.865
-333.197
-332.49
-331.736
-330.938
-330.074
-329.169
-328.215
-327.201
-326.131
-324.993
-323.785
-322.512
-321.16
-319.738
-318.242
-316.649
-314.979
-313.195
-311.322
-309.327
-307.225
-305.007
-302.668
-300.164
-297.51
-294.662
-291.6
-288.305
-284.753
-280.915
-276.761
-272.251
-267.341
-261.975
-256.085
-249.586
-242.368
-234.292
-225.172
-214.751
-202.666
-188.373
-170.984
-148.842
-118.07
-339.516
-339.516
-339.516
-339.515
-339.515
-339.515
-339.515
-339.514
-339.514
-339.514
-339.514
-339.514
-339.514
-339.514
-339.514
-339.513
-339.513
-339.513
-339.513
-339.513
-339.513
-339.513
-339.513
-339.513
-339.513
-339.513
-339.513
-339.513
-339.513
-339.513
-339.512
-339.512
-339.512
-339.512
-339.511
-339.511
-339.51
-339.51
-339.509
-339.508
-339.508
-339.507
-339.506
-339.505
-339.503
-339.501
-339.5
-339.498
-339.495
-339.492
-339.489
-339.485
-339.479
-339.475
-339.469
-339.463
-339.454
-339.446
-339.436
-339.427
-339.413
-339.399
-339.381
-339.365
-339.348
-339.325
-339.301
-339.276
-339.243
-339.212
-339.173
-339.132
-339.085
-339.036
-338.98
-338.919
-338.851
-338.776
-338.694
-338.603
-338.504
-338.395
-338.277
-338.147
-338.006
-337.853
-337.684
-337.504
-337.306
-337.09
-336.86
-336.608
-336.339
-336.048
-335.735
-335.397
-335.035
-334.64
-334.223
-333.771
-333.29
-332.781
-332.225
-331.64
-331.016
-330.348
-329.642
-328.889
-328.092
-327.23
-326.326
-325.374
-324.361
-323.293
-322.158
-320.952
-319.681
-318.333
-316.915
-315.422
-313.834
-312.169
-310.39
-308.524
-306.537
-304.444
-302.237
-299.91
-297.42
-294.784
-291.985
-288.975
-285.731
-282.231
-278.447
-274.347
-269.893
-265.037
-259.726
-253.89
-247.443
-240.278
-232.254
-223.184
-212.811
-200.762
-186.493
-169.13
-147.008
-116.238
-336.44
-336.44
-336.439
-336.439
-336.439
-336.439
-336.438
-336.438
-336.438
-336.438
-336.438
-336.438
-336.438
-336.437
-336.437
-336.437
-336.437
-336.437
-336.437
-336.437
-336.437
-336.437
-336.437
-336.437
-336.437
-336.436
-336.436
-336.436
-336.436
-336.436
-336.436
-336.436
-336.436
-336.435
-336.435
-336.435
-336.434
-336.433
-336.433
-336.432
-336.431
-336.43
-336.429
-336.428
-336.427
-336.425
-336.423
-336.421
-336.418
-336.416
-336.412
-336.409
-336.403
-336.399
-336.393
-336.387
-336.377
-336.37
-336.36
-336.351
-336.337
-336.322
-336.304
-336.289
-336.272
-336.248
-336.225
-336.2
-336.167
-336.135
-336.097
-336.056
-336.009
-335.96
-335.904
-335.843
-335.775
-335.7
-335.618
-335.527
-335.428
-335.319
-335.201
-335.071
-334.93
-334.778
-334.609
-334.428
-334.232
-334.014
-333.785
-333.534
-333.265
-332.974
-332.661
-332.324
-331.961
-331.567
-331.151
-330.699
-330.219
-329.711
-329.156
-328.572
-327.949
-327.282
-326.576
-325.824
-325.029
-324.168
-323.265
-322.316
-321.304
-320.238
-319.106
-317.903
-316.635
-315.29
-313.877
-312.388
-310.806
-309.146
-307.374
-305.516
-303.538
-301.454
-299.259
-296.946
-294.472
-291.854
-289.079
-286.125
-282.939
-279.497
-275.772
-271.732
-267.337
-262.542
-257.29
-251.515
-245.13
-238.023
-230.057
-221.043
-210.716
-198.71
-184.479
-167.13
-145.008
-114.242
-333.131
-333.131
-333.131
-333.13
-333.13
-333.13
-333.13
-333.129
-333.129
-333.129
-333.129
-333.129
-333.129
-333.129
-333.129
-333.128
-333.128
-333.128
-333.128
-333.128
-333.128
-333.128
-333.128
-333.128
-333.128
-333.128
-333.128
-333.128
-333.128
-333.127
-333.127
-333.127
-333.127
-333.127
-333.126
-333.126
-333.125
-333.125
-333.124
-333.123
-333.123
-333.122
-333.121
-333.119
-333.118
-333.116
-333.115
-333.112
-333.11
-333.107
-333.104
-333.1
-333.094
-333.09
-333.084
-333.078
-333.069
-333.061
-333.052
-333.042
-333.028
-333.014
-332.996
-332.98
-332.963
-332.94
-332.917
-332.892
-332.857
-332.826
-332.788
-332.747
-332.701
-332.652
-332.595
-332.534
-332.467
-332.392
-332.31
-332.218
-332.12
-332.011
-331.893
-331.763
-331.622
-331.47
-331.302
-331.12
-330.924
-330.708
-330.478
-330.228
-329.959
-329.667
-329.355
-329.019
-328.656
-328.262
-327.847
-327.396
-326.917
-326.409
-325.855
-325.272
-324.649
-323.984
-323.279
-322.529
-321.734
-320.876
-319.974
-319.027
-318.018
-316.954
-315.826
-314.625
-313.362
-312.021
-310.611
-309.128
-307.552
-305.899
-304.135
-302.285
-300.318
-298.244
-296.063
-293.765
-291.309
-288.712
-285.961
-283.035
-279.913
-276.537
-272.878
-268.903
-264.575
-259.847
-254.664
-248.957
-242.638
-235.596
-227.694
-218.743
-208.484
-196.543
-182.368
-165.048
-142.937
-112.177
-329.576
-329.576
-329.576
-329.576
-329.575
-329.575
-329.575
-329.575
-329.574
-329.574
-329.574
-329.574
-329.574
-329.574
-329.574
-329.574
-329.573
-329.573
-329.573
-329.573
-329.573
-329.573
-329.573
-329.573
-329.573
-329.573
-329.573
-329.573
-329.573
-329.573
-329.572
-329.572
-329.572
-329.572
-329.571
-329.571
-329.57
-329.57
-329.569
-329.569
-329.568
-329.567
-329.566
-329.565
-329.563
-329.562
-329.56
-329.558
-329.555
-329.552
-329.549
-329.545
-329.54
-329.535
-329.529
-329.523
-329.514
-329.506
-329.497
-329.488
-329.473
-329.459
-329.441
-329.426
-329.409
-329.386
-329.363
-329.338
-329.302
-329.271
-329.232
-329.192
-329.146
-329.098
-329.041
-328.979
-328.912
-328.837
-328.755
-328.664
-328.565
-328.457
-328.338
-328.209
-328.068
-327.916
-327.749
-327.566
-327.37
-327.154
-326.925
-326.674
-326.406
-326.114
-325.803
-325.468
-325.106
-324.712
-324.297
-323.848
-323.368
-322.862
-322.308
-321.726
-321.105
-320.441
-319.738
-318.989
-318.195
-317.34
-316.44
-315.495
-314.489
-313.428
-312.303
-311.106
-309.848
-308.51
-307.106
-305.629
-304.059
-302.415
-300.659
-298.819
-296.863
-294.801
-292.635
-290.355
-287.918
-285.345
-282.619
-279.724
-276.638
-273.334
-269.748
-265.847
-261.593
-256.939
-251.83
-246.197
-239.951
-232.982
-225.152
-216.271
-206.07
-194.184
-180.055
-162.767
-140.678
-109.928
-325.76
-325.759
-325.759
-325.759
-325.759
-325.758
-325.758
-325.758
-325.758
-325.758
-325.758
-325.758
-325.757
-325.757
-325.757
-325.757
-325.757
-325.757
-325.757
-325.756
-325.756
-325.756
-325.756
-325.756
-325.756
-325.756
-325.756
-325.756
-325.756
-325.756
-325.756
-325.755
-325.755
-325.755
-325.755
-325.754
-325.754
-325.753
-325.752
-325.752
-325.751
-325.75
-325.749
-325.748
-325.746
-325.745
-325.743
-325.741
-325.738
-325.735
-325.732
-325.728
-325.723
-325.718
-325.712
-325.706
-325.697
-325.69
-325.68
-325.671
-325.657
-325.642
-325.625
-325.609
-325.592
-325.569
-325.546
-325.521
-325.485
-325.454
-325.416
-325.375
-325.329
-325.28
-325.224
-325.163
-325.096
-325.02
-324.938
-324.847
-324.748
-324.641
-324.521
-324.393
-324.252
-324.099
-323.933
-323.751
-323.554
-323.339
-323.11
-322.859
-322.591
-322.299
-321.99
-321.655
-321.293
-320.9
-320.485
-320.038
-319.558
-319.053
-318.501
-317.919
-317.299
-316.637
-315.935
-315.189
-314.396
-313.543
-312.646
-311.704
-310.702
-309.644
-308.522
-307.328
-306.076
-304.743
-303.346
-301.875
-300.314
-298.679
-296.931
-295.102
-293.159
-291.111
-288.961
-286.7
-284.284
-281.736
-279.039
-276.177
-273.128
-269.868
-266.363
-262.545
-258.374
-253.802
-248.775
-243.224
-237.06
-230.173
-222.423
-213.613
-203.48
-191.654
-177.581
-160.346
-138.295
-107.56
-321.663
-321.663
-321.663
-321.663
-321.662
-321.662
-321.662
-321.662
-321.662
-321.661
-321.662
-321.661
-321.661
-321.661
-321.661
-321.661
-321.66
-321.66
-321.66
-321.66
-321.66
-321.66
-321.66
-321.66
-321.66
-321.66
-321.66
-321.66
-321.66
-321.66
-321.659
-321.659
-321.659
-321.659
-321.658
-321.658
-321.657
-321.657
-321.656
-321.655
-321.655
-321.654
-321.653
-321.652
-321.65
-321.648
-321.647
-321.645
-321.642
-321.639
-321.636
-321.632
-321.627
-321.622
-321.616
-321.61
-321.601
-321.593
-321.584
-321.575
-321.561
-321.546
-321.528
-321.513
-321.496
-321.473
-321.45
-321.425
-321.389
-321.358
-321.32
-321.28
-321.234
-321.184
-321.128
-321.067
-321
-320.924
-320.843
-320.752
-320.652
-320.545
-320.426
-320.298
-320.157
-320.004
-319.837
-319.656
-319.46
-319.245
-319.017
-318.765
-318.497
-318.205
-317.897
-317.563
-317.201
-316.81
-316.395
-315.949
-315.469
-314.965
-314.415
-313.834
-313.216
-312.555
-311.854
-311.111
-310.319
-309.469
-308.576
-307.637
-306.638
-305.584
-304.467
-303.277
-302.031
-300.702
-299.312
-297.849
-296.298
-294.673
-292.934
-291.118
-289.19
-287.157
-285.026
-282.784
-280.391
-277.87
-275.204
-272.376
-269.368
-266.153
-262.702
-258.976
-254.896
-250.417
-245.482
-240.023
-233.95
-227.154
-219.488
-210.767
-200.727
-188.98
-174.967
-157.763
-135.742
-105.031
-317.269
-317.269
-317.269
-317.269
-317.269
-317.268
-317.268
-317.268
-317.268
-317.267
-317.268
-317.267
-317.267
-317.267
-317.267
-317.267
-317.266
-317.266
-317.266
-317.266
-317.266
-317.266
-317.266
-317.266
-317.266
-317.266
-317.266
-317.266
-317.266
-317.265
-317.265
-317.265
-317.265
-317.265
-317.264
-317.264
-317.263
-317.263
-317.262
-317.261
-317.261
-317.26
-317.259
-317.257
-317.256
-317.254
-317.253
-317.25
-317.248
-317.245
-317.242
-317.238
-317.232
-317.228
-317.222
-317.216
-317.207
-317.199
-317.19
-317.181
-317.167
-317.152
-317.134
-317.119
-317.102
-317.079
-317.056
-317.031
-316.995
-316.964
-316.926
-316.886
-316.84
-316.79
-316.734
-316.673
-316.607
-316.531
-316.45
-316.358
-316.257
-316.151
-316.033
-315.905
-315.764
-315.611
-315.443
-315.264
-315.066
-314.853
-314.624
-314.374
-314.106
-313.814
-313.506
-313.172
-312.811
-312.421
-312.006
-311.562
-311.083
-310.579
-310.03
-309.452
-308.834
-308.175
-307.477
-306.736
-305.945
-305.098
-304.209
-303.273
-302.278
-301.228
-300.117
-298.931
-297.692
-296.371
-294.987
-293.533
-291.992
-290.377
-288.651
-286.846
-284.935
-282.919
-280.807
-278.587
-276.218
-273.726
-271.092
-268.301
-265.335
-262.167
-258.773
-255.11
-251.133
-246.757
-241.925
-236.567
-230.595
-223.9
-216.335
-207.706
-197.754
-186.101
-172.173
-155.059
-133.068
-102.334
-312.557
-312.557
-312.557
-312.556
-312.556
-312.556
-312.556
-312.555
-312.555
-312.555
-312.555
-312.555
-312.555
-312.554
-312.554
-312.554
-312.554
-312.554
-312.554
-312.554
-312.554
-312.554
-312.553
-312.553
-312.553
-312.553
-312.553
-312.553
-312.553
-312.553
-312.553
-312.553
-312.552
-312.552
-312.552
-312.552
-312.551
-312.55
-312.55
-312.549
-312.548
-312.547
-312.546
-312.545
-312.544
-312.542
-312.54
-312.538
-312.535
-312.533
-312.529
-312.525
-312.52
-312.515
-312.51
-312.504
-312.494
-312.487
-312.478
-312.468
-312.454
-312.44
-312.422
-312.407
-312.39
-312.367
-312.344
-312.319
-312.282
-312.252
-312.214
-312.173
-312.128
-312.078
-312.022
-311.961
-311.895
-311.819
-311.738
-311.646
-311.545
-311.439
-311.321
-311.193
-311.053
-310.899
-310.731
-310.553
-310.355
-310.142
-309.913
-309.663
-309.396
-309.104
-308.797
-308.463
-308.102
-307.713
-307.299
-306.856
-306.378
-305.874
-305.327
-304.749
-304.134
-303.475
-302.781
-302.042
-301.254
-300.41
-299.524
-298.592
-297.602
-296.556
-295.45
-294.27
-293.037
-291.724
-290.348
-288.904
-287.373
-285.77
-284.057
-282.266
-280.371
-278.373
-276.282
-274.085
-271.742
-269.28
-266.68
-263.927
-261.005
-257.885
-254.548
-250.951
-247.048
-242.787
-238.07
-232.825
-226.966
-220.383
-212.931
-204.414
-194.562
-183.002
-169.155
-152.083
-130.149
-99.4664
-307.503
-307.503
-307.503
-307.502
-307.502
-307.502
-307.501
-307.501
-307.501
-307.501
-307.501
-307.501
-307.501
-307.5
-307.5
-307.5
-307.5
-307.5
-307.5
-307.5
-307.499
-307.499
-307.499
-307.499
-307.499
-307.499
-307.499
-307.499
-307.499
-307.499
-307.499
-307.498
-307.498
-307.498
-307.498
-307.497
-307.496
-307.496
-307.495
-307.495
-307.494
-307.493
-307.492
-307.491
-307.489
-307.488
-307.486
-307.484
-307.481
-307.478
-307.475
-307.471
-307.466
-307.461
-307.455
-307.449
-307.44
-307.433
-307.423
-307.414
-307.4
-307.385
-307.368
-307.352
-307.335
-307.312
-307.29
-307.265
-307.228
-307.198
-307.159
-307.119
-307.073
-307.024
-306.968
-306.907
-306.841
-306.766
-306.684
-306.592
-306.491
-306.386
-306.268
-306.14
-306
-305.846
-305.678
-305.499
-305.301
-305.09
-304.86
-304.611
-304.342
-304.052
-303.745
-303.411
-303.051
-302.663
-302.249
-301.807
-301.33
-300.827
-300.281
-299.705
-299.091
-298.434
-297.742
-297.005
-296.221
-295.379
-294.496
-293.568
-292.583
-291.541
-290.441
-289.267
-288.04
-286.736
-285.368
-283.934
-282.414
-280.824
-279.125
-277.349
-275.47
-273.492
-271.422
-269.249
-266.934
-264.503
-261.937
-259.223
-256.346
-253.275
-249.997
-246.464
-242.637
-238.462
-233.874
-228.761
-223.031
-216.574
-209.247
-200.857
-191.128
-179.676
-165.926
-148.966
-127.102
-96.4343
-302.08
-302.08
-302.08
-302.08
-302.079
-302.079
-302.079
-302.078
-302.078
-302.078
-302.078
-302.078
-302.078
-302.078
-302.077
-302.077
-302.077
-302.077
-302.077
-302.077
-302.077
-302.077
-302.076
-302.076
-302.076
-302.076
-302.076
-302.076
-302.076
-302.076
-302.076
-302.076
-302.075
-302.075
-302.075
-302.075
-302.074
-302.073
-302.073
-302.072
-302.071
-302.07
-302.069
-302.068
-302.067
-302.065
-302.063
-302.061
-302.058
-302.056
-302.052
-302.048
-302.043
-302.038
-302.033
-302.027
-302.017
-302.01
-302.001
-301.991
-301.977
-301.963
-301.945
-301.93
-301.913
-301.89
-301.867
-301.842
-301.805
-301.775
-301.737
-301.697
-301.651
-301.601
-301.545
-301.484
-301.418
-301.343
-301.262
-301.169
-301.069
-300.963
-300.845
-300.718
-300.578
-300.424
-300.256
-300.076
-299.879
-299.668
-299.437
-299.189
-298.92
-298.63
-298.324
-297.99
-297.63
-297.242
-296.828
-296.387
-295.911
-295.41
-294.864
-294.29
-293.677
-293.022
-292.331
-291.597
-290.815
-289.975
-289.096
-288.171
-287.19
-286.154
-285.06
-283.892
-282.672
-281.375
-280.017
-278.592
-277.084
-275.506
-273.822
-272.062
-270.201
-268.241
-266.192
-264.045
-261.756
-259.358
-256.827
-254.15
-251.319
-248.298
-245.079
-241.611
-237.86
-233.77
-229.284
-224.315
-218.732
-212.422
-205.236
-196.986
-187.401
-176.085
-162.471
-145.634
-123.853
-93.2307
-296.255
-296.255
-296.254
-296.254
-296.254
-296.253
-296.253
-296.253
-296.253
-296.252
-296.252
-296.252
-296.252
-296.252
-296.252
-296.251
-296.251
-296.251
-296.251
-296.251
-296.251
-296.251
-296.251
-296.251
-296.251
-296.251
-296.25
-296.25
-296.25
-296.25
-296.25
-296.25
-296.25
-296.249
-296.249
-296.249
-296.248
-296.247
-296.247
-296.246
-296.245
-296.244
-296.243
-296.242
-296.241
-296.239
-296.237
-296.235
-296.232
-296.23
-296.226
-296.223
-296.217
-296.213
-296.207
-296.201
-296.192
-296.184
-296.175
-296.165
-296.151
-296.137
-296.119
-296.104
-296.087
-296.064
-296.041
-296.016
-295.98
-295.949
-295.911
-295.871
-295.825
-295.776
-295.719
-295.659
-295.592
-295.517
-295.436
-295.343
-295.243
-295.137
-295.02
-294.892
-294.752
-294.599
-294.431
-294.251
-294.054
-293.843
-293.611
-293.363
-293.094
-292.805
-292.5
-292.166
-291.805
-291.418
-291.004
-290.564
-290.088
-289.588
-289.043
-288.47
-287.856
-287.205
-286.515
-285.781
-285.002
-284.164
-283.288
-282.367
-281.391
-280.359
-279.268
-278.107
-276.894
-275.604
-274.255
-272.841
-271.342
-269.776
-268.106
-266.362
-264.519
-262.578
-260.551
-258.43
-256.165
-253.801
-251.305
-248.665
-245.879
-242.908
-239.746
-236.343
-232.668
-228.665
-224.277
-219.477
-214.063
-207.919
-200.898
-192.807
-183.379
-172.226
-158.765
-142.041
-120.296
-89.6926
-289.98
-289.98
-289.98
-289.98
-289.979
-289.979
-289.979
-289.978
-289.978
-289.978
-289.978
-289.978
-289.978
-289.977
-289.977
-289.977
-289.977
-289.977
-289.977
-289.977
-289.976
-289.976
-289.976
-289.976
-289.976
-289.976
-289.976
-289.976
-289.976
-289.976
-289.976
-289.976
-289.975
-289.975
-289.975
-289.974
-289.974
-289.973
-289.972
-289.972
-289.971
-289.97
-289.969
-289.968
-289.966
-289.965
-289.963
-289.961
-289.958
-289.955
-289.952
-289.948
-289.943
-289.938
-289.932
-289.927
-289.917
-289.91
-289.9
-289.891
-289.877
-289.862
-289.845
-289.829
-289.812
-289.789
-289.767
-289.742
-289.705
-289.675
-289.636
-289.596
-289.551
-289.501
-289.445
-289.384
-289.318
-289.243
-289.162
-289.069
-288.969
-288.863
-288.745
-288.618
-288.478
-288.325
-288.157
-287.976
-287.78
-287.568
-287.337
-287.089
-286.821
-286.532
-286.226
-285.893
-285.531
-285.144
-284.731
-284.292
-283.817
-283.317
-282.774
-282.199
-281.586
-280.938
-280.248
-279.513
-278.738
-277.901
-277.027
-276.108
-275.137
-274.108
-273.021
-271.863
-270.659
-269.374
-268.033
-266.628
-265.139
-263.585
-261.926
-260.198
-258.373
-256.45
-254.445
-252.348
-250.107
-247.775
-245.314
-242.713
-239.967
-237.045
-233.942
-230.601
-227.001
-223.085
-218.793
-214.113
-208.892
-202.94
-196.114
-188.217
-178.97
-167.994
-154.693
-138.114
-116.546
-86.0919
-283.198
-283.198
-283.197
-283.197
-283.196
-283.196
-283.196
-283.195
-283.195
-283.195
-283.195
-283.195
-283.195
-283.194
-283.194
-283.194
-283.194
-283.194
-283.194
-283.194
-283.193
-283.193
-283.193
-283.193
-283.193
-283.193
-283.193
-283.193
-283.193
-283.193
-283.193
-283.192
-283.192
-283.192
-283.192
-283.191
-283.19
-283.19
-283.189
-283.189
-283.188
-283.187
-283.186
-283.185
-283.183
-283.182
-283.18
-283.178
-283.175
-283.172
-283.169
-283.165
-283.16
-283.155
-283.149
-283.143
-283.134
-283.127
-283.117
-283.108
-283.094
-283.079
-283.062
-283.046
-283.029
-283.006
-282.984
-282.959
-282.922
-282.892
-282.853
-282.813
-282.767
-282.718
-282.662
-282.601
-282.535
-282.46
-282.379
-282.286
-282.186
-282.08
-281.962
-281.835
-281.695
-281.542
-281.373
-281.193
-280.997
-280.785
-280.554
-280.306
-280.038
-279.749
-279.444
-279.111
-278.748
-278.362
-277.949
-277.51
-277.036
-276.536
-275.994
-275.418
-274.807
-274.16
-273.47
-272.734
-271.962
-271.127
-270.254
-269.335
-268.368
-267.342
-266.257
-265.103
-263.904
-262.623
-261.29
-259.892
-258.412
-256.868
-255.22
-253.507
-251.694
-249.79
-247.805
-245.731
-243.514
-241.21
-238.783
-236.22
-233.513
-230.639
-227.593
-224.313
-220.787
-216.951
-212.758
-208.197
-203.112
-197.385
-190.778
-183.096
-174.066
-163.298
-150.194
-133.783
-112.359
-82.068
-275.824
-275.824
-275.824
-275.824
-275.823
-275.823
-275.823
-275.825
-275.825
-275.824
-275.824
-275.824
-275.824
-275.824
-275.824
-275.823
-275.823
-275.823
-275.823
-275.823
-275.823
-275.823
-275.823
-275.822
-275.822
-275.822
-275.822
-275.822
-275.822
-275.822
-275.822
-275.822
-275.821
-275.821
-275.821
-275.821
-275.82
-275.819
-275.819
-275.818
-275.817
-275.816
-275.815
-275.814
-275.813
-275.811
-275.809
-275.807
-275.804
-275.802
-275.798
-275.794
-275.789
-275.784
-275.779
-275.773
-275.763
-275.756
-275.747
-275.737
-275.723
-275.709
-275.691
-275.676
-275.659
-275.636
-275.613
-275.588
-275.551
-275.521
-275.483
-275.443
-275.397
-275.347
-275.291
-275.23
-275.164
-275.089
-275.008
-274.915
-274.815
-274.709
-274.591
-274.464
-274.324
-274.171
-274.003
-273.823
-273.626
-273.415
-273.183
-272.936
-272.667
-272.378
-272.073
-271.74
-271.378
-270.992
-270.576
-270.138
-269.663
-269.164
-268.622
-268.047
-267.436
-266.789
-266.101
-265.364
-264.593
-263.76
-262.887
-261.966
-261.004
-259.981
-258.895
-257.743
-256.549
-255.272
-253.943
-252.552
-251.079
-249.543
-247.905
-246.203
-244.401
-242.513
-240.545
-238.492
-236.297
-234.02
-231.623
-229.097
-226.427
-223.598
-220.608
-217.387
-213.932
-210.175
-206.078
-201.635
-196.683
-191.112
-184.775
-177.36
-168.599
-158.094
-145.253
-129.086
-107.822
-77.5141
-267.752
-267.752
-267.752
-267.751
-267.751
-267.751
-267.75
-267.755
-267.755
-267.755
-267.755
-267.755
-267.754
-267.754
-267.754
-267.754
-267.754
-267.753
-267.753
-267.753
-267.753
-267.753
-267.753
-267.753
-267.753
-267.753
-267.753
-267.753
-267.752
-267.752
-267.752
-267.752
-267.752
-267.751
-267.751
-267.751
-267.75
-267.75
-267.749
-267.748
-267.747
-267.747
-267.746
-267.744
-267.743
-267.741
-267.739
-267.737
-267.735
-267.732
-267.728
-267.725
-267.719
-267.715
-267.709
-267.703
-267.694
-267.686
-267.677
-267.667
-267.653
-267.639
-267.621
-267.606
-267.589
-267.566
-267.543
-267.518
-267.482
-267.451
-267.413
-267.373
-267.327
-267.278
-267.221
-267.161
-267.094
-267.019
-266.938
-266.845
-266.745
-266.639
-266.522
-266.394
-266.254
-266.101
-265.933
-265.753
-265.556
-265.345
-265.114
-264.866
-264.597
-264.309
-264.003
-263.671
-263.308
-262.922
-262.504
-262.065
-261.591
-261.092
-260.55
-259.975
-259.364
-258.718
-258.03
-257.293
-256.523
-255.691
-254.819
-253.897
-252.937
-251.916
-250.827
-249.677
-248.489
-247.213
-245.886
-244.5
-243.031
-241.503
-239.872
-238.178
-236.386
-234.51
-232.556
-230.516
-228.343
-226.089
-223.721
-221.226
-218.59
-215.805
-212.869
-209.704
-206.32
-202.637
-198.633
-194.306
-189.486
-184.065
-177.927
-170.825
-162.368
-152.174
-139.646
-123.789
-102.8
-72.6047
-258.834
-258.834
-258.833
-258.833
-258.832
-258.832
-258.832
-258.836
-258.836
-258.836
-258.836
-258.836
-258.836
-258.835
-258.835
-258.835
-258.835
-258.835
-258.834
-258.834
-258.834
-258.834
-258.834
-258.834
-258.834
-258.834
-258.834
-258.834
-258.834
-258.834
-258.833
-258.833
-258.833
-258.833
-258.832
-258.832
-258.831
-258.831
-258.83
-258.829
-258.829
-258.828
-258.827
-258.826
-258.824
-258.822
-258.821
-258.819
-258.816
-258.813
-258.81
-258.806
-258.801
-258.796
-258.79
-258.784
-258.775
-258.767
-258.758
-258.749
-258.735
-258.72
-258.702
-258.687
-258.67
-258.647
-258.624
-258.6
-258.563
-258.532
-258.494
-258.454
-258.408
-258.359
-258.303
-258.242
-258.176
-258.1
-258.019
-257.927
-257.827
-257.721
-257.603
-257.476
-257.335
-257.182
-257.014
-256.834
-256.638
-256.426
-256.195
-255.947
-255.679
-255.39
-255.084
-254.752
-254.389
-254.003
-253.585
-253.147
-252.673
-252.173
-251.631
-251.056
-250.446
-249.8
-249.111
-248.375
-247.605
-246.773
-245.902
-244.98
-244.021
-243.001
-241.91
-240.762
-239.576
-238.3
-236.978
-235.589
-234.125
-232.603
-230.976
-229.287
-227.502
-225.635
-223.69
-221.663
-219.509
-217.274
-214.93
-212.46
-209.856
-207.106
-204.223
-201.111
-197.793
-194.181
-190.266
-186.044
-181.359
-176.084
-170.143
-163.277
-155.215
-145.394
-133.212
-117.701
-97.0843
-67.1873
-248.868
-248.868
-248.867
-248.867
-248.866
-248.866
-248.865
-248.87
-248.87
-248.87
-248.87
-248.869
-248.869
-248.869
-248.869
-248.868
-248.868
-248.868
-248.868
-248.868
-248.868
-248.868
-248.868
-248.868
-248.867
-248.867
-248.867
-248.867
-248.867
-248.867
-248.867
-248.867
-248.867
-248.866
-248.866
-248.866
-248.865
-248.864
-248.864
-248.863
-248.862
-248.861
-248.86
-248.859
-248.858
-248.856
-248.854
-248.852
-248.849
-248.847
-248.843
-248.839
-248.834
-248.83
-248.824
-248.818
-248.808
-248.801
-248.792
-248.782
-248.768
-248.754
-248.736
-248.721
-248.704
-248.681
-248.658
-248.633
-248.596
-248.566
-248.528
-248.488
-248.442
-248.392
-248.336
-248.276
-248.209
-248.134
-248.053
-247.96
-247.86
-247.754
-247.637
-247.509
-247.369
-247.216
-247.048
-246.868
-246.671
-246.46
-246.229
-245.981
-245.712
-245.423
-245.118
-244.785
-244.423
-244.037
-243.618
-243.18
-242.706
-242.207
-241.665
-241.09
-240.479
-239.833
-239.145
-238.409
-237.639
-236.807
-235.935
-235.014
-234.055
-233.036
-231.945
-230.798
-229.612
-228.338
-227.018
-225.627
-224.166
-222.649
-221.024
-219.331
-217.554
-215.69
-213.755
-211.736
-209.599
-207.374
-205.044
-202.601
-200.023
-197.299
-194.46
-191.397
-188.145
-184.596
-180.767
-176.646
-172.079
-166.95
-161.201
-154.564
-146.823
-137.494
-125.796
-110.718
-90.3835
-60.8277
-237.576
-237.576
-237.576
-237.575
-237.575
-237.574
-237.574
-237.578
-237.578
-237.578
-237.578
-237.578
-237.577
-237.577
-237.577
-237.577
-237.577
-237.576
-237.576
-237.576
-237.576
-237.576
-237.576
-237.576
-237.576
-237.576
-237.576
-237.576
-237.575
-237.575
-237.575
-237.575
-237.575
-237.574
-237.574
-237.574
-237.573
-237.572
-237.572
-237.571
-237.57
-237.57
-237.568
-237.567
-237.566
-237.564
-237.562
-237.56
-237.558
-237.555
-237.551
-237.548
-237.542
-237.538
-237.532
-237.526
-237.517
-237.509
-237.5
-237.49
-237.476
-237.462
-237.444
-237.429
-237.412
-237.389
-237.366
-237.341
-237.305
-237.274
-237.236
-237.196
-237.15
-237.101
-237.044
-236.984
-236.917
-236.842
-236.761
-236.668
-236.568
-236.462
-236.345
-236.217
-236.077
-235.924
-235.756
-235.576
-235.379
-235.168
-234.937
-234.689
-234.42
-234.131
-233.826
-233.494
-233.131
-232.745
-232.327
-231.888
-231.414
-230.915
-230.373
-229.798
-229.187
-228.541
-227.853
-227.117
-226.347
-225.515
-224.644
-223.723
-222.763
-221.744
-220.653
-219.506
-218.321
-217.047
-215.727
-214.337
-212.878
-211.362
-209.73
-208.034
-206.262
-204.397
-202.473
-200.461
-198.325
-196.112
-193.791
-191.366
-188.812
-186.107
-183.305
-180.279
-177.077
-173.587
-169.838
-165.81
-161.34
-156.364
-150.782
-144.379
-136.955
-128.001
-116.894
-102.402
-82.6784
-53.6095
-224.539
-224.539
-224.538
-224.537
-224.537
-224.536
-224.536
-224.54
-224.54
-224.54
-224.54
-224.54
-224.539
-224.539
-224.539
-224.539
-224.538
-224.538
-224.538
-224.538
-224.538
-224.538
-224.538
-224.538
-224.538
-224.538
-224.538
-224.537
-224.537
-224.537
-224.537
-224.537
-224.537
-224.536
-224.536
-224.536
-224.535
-224.534
-224.534
-224.533
-224.532
-224.531
-224.53
-224.529
-224.528
-224.526
-224.524
-224.522
-224.519
-224.517
-224.513
-224.51
-224.504
-224.5
-224.494
-224.488
-224.479
-224.471
-224.462
-224.452
-224.438
-224.424
-224.406
-224.391
-224.374
-224.351
-224.328
-224.303
-224.267
-224.236
-224.198
-224.158
-224.112
-224.063
-224.006
-223.946
-223.879
-223.804
-223.723
-223.63
-223.53
-223.424
-223.307
-223.179
-223.039
-222.886
-222.718
-222.538
-222.341
-222.13
-221.899
-221.651
-221.382
-221.093
-220.788
-220.456
-220.093
-219.707
-219.289
-218.85
-218.376
-217.877
-217.335
-216.76
-216.149
-215.503
-214.815
-214.079
-213.309
-212.477
-211.606
-210.685
-209.725
-208.706
-207.615
-206.468
-205.283
-204.009
-202.689
-201.299
-199.84
-198.325
-196.683
-194.988
-193.217
-191.356
-189.435
-187.412
-185.273
-183.072
-180.757
-178.346
-175.798
-173.117
-170.339
-167.345
-164.168
-160.734
-157.044
-153.082
-148.714
-143.88
-138.451
-132.265
-125.122
-116.557
-106.283
-92.5759
-73.5882
-44.94
-209.063
-209.063
-209.062
-209.061
-209.06
-209.06
-209.059
-209.064
-209.064
-209.063
-209.063
-209.063
-209.063
-209.063
-209.062
-209.062
-209.062
-209.062
-209.062
-209.062
-209.061
-209.061
-209.061
-209.061
-209.061
-209.061
-209.061
-209.061
-209.061
-209.061
-209.061
-209.06
-209.06
-209.06
-209.06
-209.059
-209.058
-209.058
-209.057
-209.057
-209.056
-209.055
-209.054
-209.053
-209.051
-209.05
-209.048
-209.046
-209.043
-209.04
-209.037
-209.033
-209.028
-209.023
-209.017
-209.011
-209.002
-208.995
-208.985
-208.976
-208.962
-208.947
-208.93
-208.914
-208.897
-208.874
-208.852
-208.827
-208.79
-208.759
-208.721
-208.681
-208.635
-208.586
-208.53
-208.469
-208.403
-208.328
-208.247
-208.154
-208.054
-207.948
-207.83
-207.703
-207.563
-207.409
-207.241
-207.061
-206.865
-206.653
-206.422
-206.174
-205.906
-205.617
-205.312
-204.979
-204.617
-204.23
-203.812
-203.374
-202.9
-202.4
-201.858
-201.283
-200.673
-200.027
-199.338
-198.602
-197.833
-197.001
-196.129
-195.208
-194.248
-193.23
-192.139
-190.992
-189.807
-188.532
-187.213
-185.823
-184.364
-182.848
-181.207
-179.512
-177.741
-175.88
-173.96
-171.922
-169.785
-167.587
-165.277
-162.875
-160.324
-157.664
-154.9
-151.935
-148.759
-145.353
-141.706
-137.812
-133.499
-128.808
-123.503
-117.523
-110.588
-102.41
-92.6312
-80.0701
-62.1139
-34.2648
-189.93
-189.93
-189.929
-189.928
-189.927
-189.927
-189.926
-189.931
-189.931
-189.93
-189.93
-189.93
-189.93
-189.93
-189.929
-189.929
-189.929
-189.929
-189.929
-189.929
-189.928
-189.928
-189.928
-189.928
-189.928
-189.928
-189.928
-189.928
-189.928
-189.928
-189.928
-189.927
-189.927
-189.927
-189.927
-189.926
-189.925
-189.925
-189.924
-189.924
-189.923
-189.922
-189.921
-189.92
-189.918
-189.917
-189.915
-189.913
-189.91
-189.907
-189.904
-189.9
-189.895
-189.89
-189.884
-189.878
-189.869
-189.862
-189.852
-189.843
-189.829
-189.814
-189.797
-189.781
-189.764
-189.741
-189.719
-189.694
-189.657
-189.627
-189.588
-189.548
-189.502
-189.453
-189.397
-189.336
-189.27
-189.195
-189.114
-189.021
-188.921
-188.815
-188.697
-188.57
-188.43
-188.277
-188.108
-187.928
-187.732
-187.52
-187.289
-187.041
-186.773
-186.484
-186.179
-185.846
-185.484
-185.097
-184.679
-184.241
-183.767
-183.267
-182.725
-182.15
-181.54
-180.894
-180.205
-179.469
-178.7
-177.868
-176.996
-176.075
-175.115
-174.097
-173.006
-171.859
-170.674
-169.399
-168.08
-166.69
-165.231
-163.715
-162.074
-160.379
-158.608
-156.747
-154.827
-152.789
-150.653
-148.455
-146.146
-143.745
-141.197
-138.542
-135.787
-132.838
-129.657
-126.262
-122.651
-118.832
-114.507
-109.916
-104.729
-98.9242
-92.1448
-84.2373
-74.9668
-63.0118
-46.7466
-20.5501
-164.569
-164.569
-164.568
-164.567
-164.567
-164.566
-164.566
-164.57
-164.57
-164.57
-164.57
-164.569
-164.569
-164.569
-164.569
-164.568
-164.568
-164.568
-164.568
-164.568
-164.568
-164.568
-164.568
-164.567
-164.567
-164.567
-164.567
-164.567
-164.567
-164.567
-164.567
-164.567
-164.566
-164.566
-164.566
-164.566
-164.565
-164.564
-164.564
-164.563
-164.562
-164.561
-164.56
-164.559
-164.558
-164.556
-164.554
-164.552
-164.549
-164.547
-164.543
-164.539
-164.534
-164.529
-164.524
-164.518
-164.508
-164.501
-164.492
-164.482
-164.468
-164.454
-164.436
-164.421
-164.404
-164.381
-164.358
-164.333
-164.296
-164.266
-164.228
-164.188
-164.142
-164.092
-164.036
-163.975
-163.909
-163.834
-163.753
-163.66
-163.56
-163.454
-163.337
-163.209
-163.069
-162.916
-162.748
-162.568
-162.371
-162.16
-161.928
-161.681
-161.412
-161.123
-160.818
-160.485
-160.123
-159.737
-159.318
-158.88
-158.406
-157.907
-157.365
-156.79
-156.179
-155.533
-154.845
-154.109
-153.339
-152.507
-151.635
-150.714
-149.755
-148.736
-147.645
-146.498
-145.313
-144.039
-142.719
-141.329
-139.87
-138.355
-136.713
-135.018
-133.248
-131.386
-129.466
-127.429
-125.292
-123.094
-120.785
-118.384
-115.836
-113.182
-110.428
-107.481
-104.304
-100.918
-97.3234
-93.5372
-89.2068
-84.6527
-79.5803
-73.9352
-67.2176
-59.5364
-50.6471
-39.071
-23.6199
-0
)
;

boundaryField
{
    topWall
    {
        type            zeroGradient;
    }
    rightWall
    {
        type            zeroGradient;
    }
    leftWall
    {
        type            symmetryPlane;
        value           nonuniform List<scalar> 
40
(
-364.661
-364.526
-364.255
-363.847
-363.302
-362.618
-361.792
-360.823
-359.708
-358.444
-357.027
-355.452
-353.715
-351.81
-349.73
-347.47
-345.02
-342.372
-339.516
-336.44
-333.131
-329.576
-325.76
-321.663
-317.269
-312.557
-307.503
-302.08
-296.255
-289.98
-283.198
-275.824
-267.752
-258.834
-248.868
-237.576
-224.539
-209.063
-189.93
-164.569
)
;
    }
    bottomWall
    {
        type            zeroGradient;
    }
    frontAndBack
    {
        type            empty;
    }
    solidInterface
    {
        type            zeroGradient;
    }
}


// ************************************************************************* //
