/*--------------------------------*- C++ -*----------------------------------*\
| =========                 |                                                 |
| \\      /  F ield         | foam-extend: Open Source CFD                    |
|  \\    /   O peration     | Version:     4.0                                |
|   \\  /    A nd           | Web:         http://www.foam-extend.org         |
|    \\/     M anipulation  |                                                 |
\*---------------------------------------------------------------------------*/
FoamFile
{
    version     2.0;
    format      ascii;
    class       volScalarField;
    location    "205.9";
    object      T;
}
// * * * * * * * * * * * * * * * * * * * * * * * * * * * * * * * * * * * * * //

dimensions      [0 0 0 1 0 0 0];

internalField   nonuniform List<scalar> 
6000
(
99.9817
99.9817
99.9819
99.9821
99.9823
99.9825
99.9826
99.9828
99.983
99.9831
99.9832
99.9834
99.9835
99.9836
99.9837
99.9838
99.9839
99.984
99.9841
99.9841
99.9842
99.9842
99.9843
99.9843
99.9843
99.9843
99.9842
99.9842
99.9841
99.984
99.9838
99.9837
99.9834
99.9832
99.9828
99.9825
99.982
99.9815
99.9808
99.9801
99.9792
99.9782
99.977
99.9757
99.9742
99.9724
99.9703
99.968
99.9653
99.9622
99.9587
99.9547
99.9501
99.9449
99.939
99.9323
99.9248
99.9162
99.9066
99.8957
99.8834
99.8696
99.8541
99.8367
99.8172
99.7954
99.771
99.7437
99.7134
99.6796
99.642
99.6002
99.5539
99.5026
99.4458
99.3831
99.3139
99.2377
99.1537
99.0614
98.9601
98.849
98.7274
98.5943
98.449
98.2905
98.1178
97.9298
97.7256
97.504
97.2638
97.0038
96.7227
96.4192
96.0919
95.7394
95.3603
94.9531
94.5162
94.0482
93.5473
93.012
92.4408
91.8319
91.1836
90.4944
89.7626
88.9866
88.1648
87.2955
86.3772
85.4084
84.3876
83.3135
82.1846
80.9999
79.7579
78.4578
77.0985
75.6791
74.199
72.6574
71.054
69.3883
67.6603
65.8698
64.0171
62.1023
60.1261
58.089
55.9919
53.8358
51.6218
49.3515
47.0263
44.6481
42.2186
39.7401
37.2147
34.645
32.0335
29.383
26.6963
23.9765
21.2267
18.4502
15.6504
12.8306
9.9944
7.14541
99.8464
99.8464
99.8466
99.8468
99.8469
99.8471
99.8473
99.8475
99.8476
99.8478
99.8479
99.848
99.8482
99.8483
99.8484
99.8485
99.8486
99.8487
99.8487
99.8488
99.8489
99.8489
99.8489
99.8489
99.8489
99.8489
99.8489
99.8488
99.8488
99.8486
99.8485
99.8483
99.8481
99.8478
99.8475
99.8471
99.8467
99.8461
99.8455
99.8447
99.8439
99.8429
99.8417
99.8404
99.8388
99.837
99.835
99.8326
99.83
99.8269
99.8234
99.8194
99.8148
99.8096
99.8037
99.7971
99.7895
99.781
99.7713
99.7605
99.7482
99.7344
99.7189
99.7015
99.6821
99.6603
99.6359
99.6087
99.5784
99.5446
99.5071
99.4654
99.4191
99.3679
99.3112
99.2486
99.1795
99.1033
99.0195
98.9273
98.8261
98.7152
98.5937
98.4608
98.3157
98.1574
97.9849
97.7973
97.5934
97.372
97.1322
96.8725
96.5918
96.2887
95.9618
95.6098
95.2312
94.8246
94.3883
93.9208
93.4207
92.8861
92.3156
91.7075
91.0602
90.3719
89.6411
88.8662
88.0454
87.1773
86.2602
85.2927
84.2734
83.2007
82.0734
80.8902
79.65
78.3516
76.9941
75.5767
74.0985
72.5591
70.9578
69.2944
67.5687
65.7807
63.9304
62.0183
60.0447
58.0103
55.9161
53.7629
51.552
49.2847
46.9627
44.5876
42.1615
39.6863
37.1643
34.5981
31.9901
29.3432
26.6602
23.944
21.198
18.4253
15.6292
12.8132
9.98087
7.13574
99.576
99.576
99.5762
99.5763
99.5765
99.5767
99.5769
99.577
99.5772
99.5773
99.5775
99.5776
99.5777
99.5778
99.578
99.5781
99.5781
99.5782
99.5783
99.5784
99.5784
99.5785
99.5785
99.5785
99.5785
99.5785
99.5785
99.5784
99.5783
99.5782
99.5781
99.5779
99.5777
99.5774
99.5771
99.5767
99.5762
99.5757
99.5751
99.5743
99.5735
99.5725
99.5713
99.57
99.5684
99.5666
99.5646
99.5623
99.5596
99.5565
99.553
99.549
99.5445
99.5393
99.5334
99.5268
99.5193
99.5107
99.5011
99.4903
99.478
99.4643
99.4488
99.4315
99.4121
99.3904
99.3661
99.3389
99.3087
99.275
99.2376
99.196
99.1499
99.0988
99.0423
98.9798
98.9109
98.8349
98.7513
98.6594
98.5585
98.4479
98.3267
98.1942
98.0495
97.8916
97.7196
97.5324
97.329
97.1083
96.8691
96.6101
96.3302
96.0279
95.7019
95.3509
94.9733
94.5677
94.1327
93.6665
93.1677
92.6346
92.0656
91.4592
90.8136
90.1272
89.3984
88.6255
87.807
86.9412
86.0266
85.0618
84.0451
82.9754
81.8511
80.6711
79.4343
78.1394
76.7856
75.372
73.8979
72.3626
70.7656
69.1068
67.3857
65.6025
63.7573
61.8503
59.8821
57.8533
55.7646
53.6173
51.4124
49.1512
46.8355
44.4669
42.0473
39.5788
37.0637
34.5044
31.9035
29.2637
26.588
23.8792
21.1406
18.3754
15.5868
12.7785
9.95383
7.11641
99.1707
99.1707
99.1709
99.1711
99.1713
99.1715
99.1716
99.1718
99.172
99.1721
99.1722
99.1724
99.1725
99.1726
99.1727
99.1728
99.1729
99.173
99.1731
99.1731
99.1732
99.1732
99.1733
99.1733
99.1733
99.1733
99.1732
99.1732
99.1731
99.173
99.1728
99.1727
99.1724
99.1722
99.1718
99.1715
99.171
99.1705
99.1698
99.1691
99.1682
99.1672
99.1661
99.1648
99.1632
99.1615
99.1594
99.1571
99.1544
99.1514
99.1479
99.1439
99.1394
99.1342
99.1284
99.1218
99.1143
99.1058
99.0962
99.0854
99.0732
99.0595
99.0441
99.0269
99.0075
98.9859
98.9617
98.9347
98.9046
98.871
98.8337
98.7923
98.7464
98.6955
98.6392
98.577
98.5084
98.4327
98.3494
98.2579
98.1574
98.0472
97.9266
97.7946
97.6504
97.4932
97.3219
97.1355
96.933
96.7132
96.4749
96.217
95.9382
95.6371
95.3125
94.9629
94.5868
94.1829
93.7496
93.2853
92.7885
92.2576
91.691
91.087
90.444
89.7604
89.0346
88.2649
87.4497
86.5874
85.6766
84.7156
83.7031
82.6377
81.518
80.3429
79.111
77.8214
76.4731
75.0653
73.5972
72.0681
70.4777
68.8255
67.1115
65.3356
63.4978
61.5986
59.6384
57.6178
55.5377
53.3991
51.2032
48.9512
46.6449
44.2859
41.8762
39.4177
36.9129
34.364
31.7737
29.1446
26.4798
23.782
21.0546
18.3006
15.5234
12.7265
9.91332
7.08744
98.6313
98.6313
98.6314
98.6316
98.6318
98.632
98.6321
98.6323
98.6325
98.6326
98.6327
98.6329
98.633
98.6331
98.6332
98.6333
98.6334
98.6335
98.6336
98.6336
98.6337
98.6337
98.6338
98.6338
98.6338
98.6338
98.6337
98.6337
98.6336
98.6335
98.6333
98.6332
98.6329
98.6327
98.6323
98.632
98.6315
98.631
98.6303
98.6296
98.6288
98.6278
98.6266
98.6253
98.6238
98.622
98.62
98.6177
98.615
98.612
98.6085
98.6046
98.6001
98.5949
98.5891
98.5825
98.5751
98.5666
98.5571
98.5464
98.5343
98.5206
98.5053
98.4882
98.4689
98.4474
98.4233
98.3965
98.3665
98.3332
98.2961
98.2549
98.2092
98.1586
98.1026
98.0407
97.9725
97.8972
97.8144
97.7234
97.6234
97.5138
97.3938
97.2626
97.1192
96.9628
96.7925
96.6071
96.4057
96.187
95.9501
95.6936
95.4163
95.1168
94.794
94.4463
94.0723
93.6706
93.2396
92.7778
92.2838
91.7557
91.1922
90.5915
89.952
89.2721
88.5502
87.7847
86.9739
86.1164
85.2105
84.2548
83.2478
82.1882
81.0746
79.9058
78.6807
77.3981
76.0571
74.657
73.1968
71.6761
70.0943
68.4511
66.7464
64.9802
63.1524
61.2635
59.314
57.3044
55.2356
53.1086
50.9246
48.685
46.3912
44.045
41.6484
39.2033
36.7121
34.1771
31.6008
28.9861
26.3357
23.6527
20.94
18.201
15.439
12.6573
9.85939
7.04888
97.9582
97.9582
97.9584
97.9586
97.9588
97.9589
97.9591
97.9593
97.9594
97.9596
97.9597
97.9598
97.9599
97.9601
97.9602
97.9603
97.9604
97.9604
97.9605
97.9606
97.9606
97.9607
97.9607
97.9607
97.9607
97.9607
97.9607
97.9606
97.9605
97.9604
97.9603
97.9601
97.9599
97.9596
97.9593
97.9589
97.9585
97.9579
97.9573
97.9566
97.9557
97.9548
97.9536
97.9523
97.9508
97.949
97.947
97.9447
97.9421
97.9391
97.9356
97.9317
97.9272
97.9221
97.9164
97.9098
97.9024
97.894
97.8846
97.8739
97.8619
97.8484
97.8332
97.8161
97.797
97.7756
97.7517
97.725
97.6953
97.6622
97.6253
97.5844
97.539
97.4888
97.4332
97.3717
97.3039
97.2292
97.147
97.0565
96.9573
96.8484
96.7292
96.5989
96.4565
96.3012
96.132
95.9479
95.7478
95.5307
95.2953
95.0406
94.7652
94.4678
94.1471
93.8018
93.4304
93.0314
92.6034
92.1448
91.654
91.1296
90.5699
89.9733
89.3382
88.663
87.946
87.1857
86.3805
85.5288
84.629
83.6799
82.6798
81.6274
80.5214
79.3606
78.1438
76.87
75.5382
74.1475
72.6973
71.187
69.616
67.9841
66.291
64.5368
62.7215
60.8455
58.9093
56.9134
54.8587
52.7462
50.5771
48.3528
46.0746
43.7445
41.3642
38.9358
36.4616
33.9438
31.3852
28.7883
26.156
23.4913
20.7971
18.0768
15.3336
12.5709
9.79211
7.00078
97.1525
97.1526
97.1527
97.1529
97.1531
97.1533
97.1534
97.1536
97.1537
97.1539
97.154
97.1541
97.1542
97.1544
97.1545
97.1546
97.1547
97.1547
97.1548
97.1549
97.1549
97.155
97.155
97.155
97.155
97.155
97.155
97.1549
97.1548
97.1547
97.1546
97.1544
97.1542
97.1539
97.1536
97.1532
97.1528
97.1523
97.1516
97.1509
97.1501
97.1491
97.148
97.1467
97.1452
97.1434
97.1414
97.1392
97.1365
97.1335
97.1301
97.1262
97.1218
97.1168
97.111
97.1045
97.0972
97.0889
97.0795
97.0689
97.057
97.0436
97.0285
97.0116
96.9926
96.9714
96.9477
96.9213
96.8918
96.8589
96.8224
96.7818
96.7368
96.687
96.6318
96.5709
96.5036
96.4295
96.348
96.2583
96.1598
96.0519
95.9337
95.8044
95.6632
95.5092
95.3413
95.1587
94.9603
94.745
94.5116
94.2589
93.9858
93.6908
93.3728
93.0303
92.6619
92.2662
91.8417
91.3869
90.9002
90.3801
89.825
89.2333
88.6034
87.9338
87.2227
86.4686
85.67
84.8253
83.933
82.9916
81.9998
80.956
79.8591
78.7079
77.5011
76.2378
74.9169
73.5377
72.0994
70.6015
69.0435
67.4249
65.7458
64.006
62.2056
60.3451
58.4248
56.4453
54.4075
52.3124
50.1612
47.9551
45.6957
43.3847
41.024
38.6156
36.1617
33.6647
31.1271
28.5515
25.9409
23.298
20.6261
17.9281
15.2075
12.4675
9.71157
6.9432
96.2153
96.2153
96.2155
96.2157
96.2158
96.216
96.2162
96.2163
96.2165
96.2166
96.2167
96.2169
96.217
96.2171
96.2172
96.2173
96.2174
96.2175
96.2175
96.2176
96.2177
96.2177
96.2177
96.2177
96.2177
96.2177
96.2177
96.2176
96.2176
96.2175
96.2173
96.2171
96.2169
96.2167
96.2164
96.216
96.2155
96.215
96.2144
96.2137
96.2129
96.2119
96.2108
96.2095
96.208
96.2063
96.2043
96.202
96.1994
96.1965
96.1931
96.1892
96.1849
96.1799
96.1742
96.1678
96.1605
96.1523
96.143
96.1325
96.1207
96.1074
96.0925
96.0757
96.0569
96.0359
96.0125
95.9863
95.957
95.9245
95.8883
95.8481
95.8036
95.7542
95.6996
95.6392
95.5727
95.4993
95.4185
95.3297
95.2322
95.1253
95.0082
94.8802
94.7403
94.5878
94.4216
94.2407
94.0442
93.831
93.5998
93.3496
93.0791
92.787
92.472
92.1328
91.768
91.3761
90.9557
90.5053
90.0233
89.5082
88.9585
88.3725
87.7487
87.0855
86.3813
85.6345
84.8436
84.007
83.1233
82.191
81.2087
80.175
79.0887
77.9486
76.7534
75.5023
74.1942
72.8283
71.4039
69.9204
68.3774
66.7745
65.1115
63.3885
61.6055
59.7629
57.8611
55.9008
53.8827
51.8078
49.6773
47.4925
45.2549
42.9662
40.6282
38.243
35.8128
33.3399
30.8268
28.2761
25.6906
23.0733
20.4271
17.7552
15.0608
12.3472
9.61788
6.87622
95.1478
95.1478
95.1479
95.1481
95.1483
95.1484
95.1486
95.1488
95.1489
95.149
95.1492
95.1493
95.1494
95.1495
95.1496
95.1497
95.1498
95.1499
95.15
95.15
95.1501
95.1501
95.1501
95.1502
95.1502
95.1501
95.1501
95.1501
95.15
95.1499
95.1497
95.1496
95.1494
95.1491
95.1488
95.1484
95.148
95.1475
95.1469
95.1462
95.1453
95.1444
95.1433
95.142
95.1405
95.1388
95.1369
95.1346
95.1321
95.1291
95.1258
95.122
95.1176
95.1127
95.1071
95.1007
95.0935
95.0854
95.0762
95.0658
95.0542
95.041
95.0263
95.0097
94.9911
94.9704
94.9472
94.9212
94.8923
94.8602
94.8244
94.7847
94.7406
94.6918
94.6378
94.5781
94.5122
94.4396
94.3598
94.2719
94.1755
94.0698
93.954
93.8274
93.6891
93.5383
93.3739
93.1951
93.0008
92.7899
92.5613
92.3138
92.0463
91.7575
91.446
91.1106
90.7498
90.3623
89.9465
89.5011
89.0245
88.5151
87.9715
87.392
86.7751
86.1192
85.4228
84.6843
83.9022
83.0749
82.201
81.2791
80.3077
79.2855
78.2112
77.0837
75.9018
74.6646
73.371
72.0202
70.6117
69.1446
67.6187
66.0336
64.3891
62.6852
60.922
59.0998
57.2191
55.2805
53.2848
51.2329
49.1261
46.9655
44.7527
42.4894
40.1774
37.8187
35.4155
32.97
30.4848
27.9624
25.4056
22.8173
20.2004
17.5582
14.8937
12.2102
9.51116
6.79992
93.9513
93.9513
93.9515
93.9517
93.9518
93.952
93.9522
93.9523
93.9525
93.9526
93.9527
93.9528
93.953
93.9531
93.9532
93.9533
93.9533
93.9534
93.9535
93.9536
93.9536
93.9537
93.9537
93.9537
93.9537
93.9537
93.9536
93.9536
93.9535
93.9534
93.9533
93.9531
93.9529
93.9526
93.9523
93.952
93.9515
93.951
93.9504
93.9497
93.9489
93.948
93.9469
93.9456
93.9442
93.9425
93.9406
93.9384
93.9358
93.9329
93.9296
93.9259
93.9216
93.9167
93.9112
93.9049
93.8978
93.8897
93.8807
93.8704
93.8589
93.8459
93.8314
93.815
93.7967
93.7762
93.7532
93.7277
93.6991
93.6674
93.632
93.5928
93.5493
93.5011
93.4477
93.3888
93.3238
93.2521
93.1732
93.0865
92.9913
92.8869
92.7726
92.6476
92.511
92.3621
92.1998
92.0232
91.8313
91.6231
91.3974
91.153
90.8889
90.6037
90.2961
89.9649
89.6087
89.226
88.8155
88.3757
87.905
87.4021
86.8653
86.2931
85.6839
85.0363
84.3487
83.6195
82.8472
82.0303
81.1674
80.257
79.2978
78.2885
77.2278
76.1144
74.9474
73.7257
72.4484
71.1146
69.7238
68.2752
66.7685
65.2033
63.5795
61.897
60.156
58.3567
56.4997
54.5854
52.6148
50.5887
48.5083
46.3749
44.19
41.9552
39.6722
37.3432
34.9701
32.5554
30.1014
27.6108
25.0861
22.5304
19.9464
17.3374
14.7064
12.0567
9.39156
6.71442
92.6276
92.6276
92.6278
92.628
92.6281
92.6283
92.6284
92.6286
92.6287
92.6289
92.629
92.6291
92.6292
92.6293
92.6294
92.6295
92.6296
92.6297
92.6298
92.6298
92.6299
92.6299
92.6299
92.6299
92.6299
92.6299
92.6299
92.6298
92.6298
92.6297
92.6295
92.6294
92.6292
92.6289
92.6286
92.6282
92.6278
92.6273
92.6267
92.626
92.6252
92.6243
92.6232
92.622
92.6206
92.6189
92.617
92.6148
92.6123
92.6095
92.6062
92.6025
92.5983
92.5935
92.588
92.5818
92.5748
92.5669
92.5579
92.5479
92.5365
92.5237
92.5093
92.4932
92.4751
92.4549
92.4323
92.4071
92.379
92.3476
92.3128
92.2741
92.2312
92.1837
92.1311
92.073
92.0089
91.9383
91.8605
91.775
91.6811
91.5782
91.4655
91.3422
91.2076
91.0608
90.9008
90.7267
90.5375
90.3322
90.1096
89.8688
89.6083
89.3271
89.0239
88.6974
88.3462
87.9689
87.5642
87.1305
86.6665
86.1706
85.6414
85.0773
84.4767
83.8382
83.1603
82.4413
81.6799
80.8746
80.0238
79.1263
78.1806
77.1855
76.1397
75.042
73.8915
72.687
71.4276
70.1127
68.7414
67.3132
65.8278
64.2846
62.6837
61.0249
59.3084
57.5345
55.7036
53.8164
51.8735
49.876
47.8249
45.7216
43.5674
41.3641
39.1133
36.817
34.4774
32.0967
29.6773
27.2217
24.7327
22.2129
19.6654
17.0931
14.4992
11.8868
9.25924
6.61981
91.1784
91.1784
91.1786
91.1787
91.1789
91.1791
91.1792
91.1794
91.1795
91.1796
91.1797
91.1799
91.18
91.1801
91.1802
91.1803
91.1804
91.1804
91.1805
91.1806
91.1806
91.1807
91.1807
91.1807
91.1807
91.1807
91.1806
91.1806
91.1805
91.1804
91.1803
91.1801
91.1799
91.1797
91.1794
91.179
91.1786
91.1781
91.1775
91.1768
91.1761
91.1751
91.1741
91.1729
91.1714
91.1698
91.1679
91.1658
91.1633
91.1605
91.1573
91.1537
91.1495
91.1448
91.1394
91.1333
91.1264
91.1186
91.1098
91.0999
91.0887
91.0761
91.062
91.0461
91.0283
91.0084
90.9862
90.9613
90.9336
90.9028
90.8685
90.8304
90.7882
90.7414
90.6897
90.6325
90.5694
90.4998
90.4233
90.3391
90.2467
90.1454
90.0345
89.9131
89.7806
89.6361
89.4786
89.3072
89.121
88.9189
88.6998
88.4627
88.2064
87.9296
87.6311
87.3097
86.9639
86.5926
86.1942
85.7673
85.3106
84.8225
84.3015
83.7462
83.155
82.5265
81.8592
81.1515
80.402
79.6092
78.7718
77.8883
76.9574
75.9779
74.9484
73.868
72.7354
71.5498
70.3101
69.0157
67.6659
66.2601
64.7978
63.2789
61.703
60.0701
58.3805
56.6344
54.8321
52.9744
51.0619
49.0956
47.0767
45.0062
42.8858
40.7169
38.5013
36.241
33.938
31.5946
29.213
26.7958
24.3457
21.8654
19.3577
16.8257
14.2723
11.7008
9.11437
6.51624
89.6056
89.6056
89.6058
89.606
89.6061
89.6063
89.6064
89.6066
89.6067
89.6068
89.6069
89.6071
89.6072
89.6073
89.6074
89.6075
89.6075
89.6076
89.6077
89.6077
89.6078
89.6078
89.6079
89.6079
89.6079
89.6079
89.6078
89.6078
89.6077
89.6076
89.6075
89.6073
89.6071
89.6069
89.6066
89.6062
89.6058
89.6053
89.6048
89.6041
89.6033
89.6024
89.6014
89.6002
89.5988
89.5972
89.5954
89.5932
89.5908
89.5881
89.5849
89.5813
89.5772
89.5726
89.5673
89.5613
89.5545
89.5469
89.5382
89.5285
89.5175
89.5051
89.4912
89.4756
89.4581
89.4386
89.4167
89.3923
89.3651
89.3348
89.3011
89.2637
89.2222
89.1762
89.1253
89.0691
89.0071
88.9388
88.8635
88.7808
88.69
88.5905
88.4814
88.3622
88.232
88.0899
87.9351
87.7667
87.5837
87.3851
87.1698
86.9368
86.6848
86.4128
86.1195
85.8036
85.4639
85.0989
84.7074
84.2879
83.839
83.3593
82.8473
82.3016
81.7207
81.103
80.4472
79.7517
79.0151
78.236
77.413
76.5448
75.63
74.6673
73.6556
72.5938
71.4808
70.3156
69.0973
67.8253
66.4987
65.1172
63.6801
62.1873
60.6386
59.034
57.3735
55.6575
53.8863
52.0606
50.1811
48.2488
46.2646
44.2299
42.146
40.0146
37.8372
35.6159
33.3526
31.0496
28.7091
26.3336
23.9258
21.4882
19.0238
16.5355
14.0262
11.499
8.95716
6.40384
87.9114
87.9114
87.9116
87.9117
87.9119
87.912
87.9122
87.9123
87.9125
87.9126
87.9127
87.9128
87.9129
87.913
87.9131
87.9132
87.9133
87.9134
87.9134
87.9135
87.9135
87.9136
87.9136
87.9136
87.9136
87.9136
87.9136
87.9135
87.9134
87.9133
87.9132
87.9131
87.9129
87.9126
87.9123
87.912
87.9116
87.9111
87.9106
87.9099
87.9091
87.9083
87.9072
87.9061
87.9047
87.9031
87.9013
87.8993
87.8969
87.8942
87.8911
87.8876
87.8835
87.879
87.8738
87.8679
87.8613
87.8538
87.8453
87.8357
87.8249
87.8128
87.7991
87.7838
87.7667
87.7475
87.726
87.7021
87.6754
87.6457
87.6126
87.5759
87.5352
87.4901
87.4402
87.385
87.3242
87.2571
87.1833
87.1022
87.0131
86.9154
86.8085
86.6915
86.5637
86.4243
86.2725
86.1072
85.9277
85.7328
85.5216
85.293
85.0459
84.779
84.4912
84.1813
83.848
83.4899
83.1058
82.6942
82.2538
81.7832
81.2809
80.7455
80.1755
79.5696
78.9261
78.2438
77.5211
76.7568
75.9494
75.0975
74.2
73.2555
72.263
71.2212
70.1293
68.9861
67.7909
66.5429
65.2414
63.886
62.4761
61.0115
59.4921
57.9178
56.2887
54.6051
52.8674
51.0763
49.2323
47.3365
45.3899
43.3936
41.3492
39.258
37.1218
34.9425
32.722
30.4625
28.1663
25.8357
23.4734
21.0819
18.6641
16.2228
13.761
11.2816
8.7878
6.28276
86.098
86.098
86.0982
86.0983
86.0985
86.0986
86.0988
86.0989
86.099
86.0992
86.0993
86.0994
86.0995
86.0996
86.0997
86.0998
86.0998
86.0999
86.1
86.1
86.1001
86.1001
86.1001
86.1002
86.1002
86.1001
86.1001
86.1001
86.1
86.0999
86.0998
86.0996
86.0994
86.0992
86.0989
86.0986
86.0982
86.0977
86.0972
86.0965
86.0958
86.0949
86.0939
86.0928
86.0914
86.0899
86.0881
86.0861
86.0838
86.0811
86.0781
86.0747
86.0707
86.0663
86.0612
86.0554
86.0489
86.0416
86.0332
86.0239
86.0133
86.0014
85.988
85.9731
85.9563
85.9375
85.9165
85.893
85.8669
85.8378
85.8054
85.7694
85.7296
85.6854
85.6365
85.5825
85.5229
85.4572
85.3849
85.3055
85.2182
85.1226
85.0178
84.9032
84.7781
84.6416
84.4929
84.3311
84.1552
83.9644
83.7575
83.5336
83.2916
83.0302
82.7484
82.4448
82.1184
81.7677
81.3915
80.9884
80.5571
80.0962
79.6043
79.0799
78.5217
77.9282
77.2981
76.6298
75.9221
75.1735
74.3827
73.5485
72.6694
71.7445
70.7724
69.7521
68.6827
67.5631
66.3925
65.1703
63.8956
62.5682
61.1874
59.753
58.2649
56.7231
55.1276
53.4788
51.7769
50.0227
48.2168
46.3601
44.4536
42.4985
40.4962
38.4482
36.3561
34.2217
32.047
29.8341
27.5853
25.3028
22.9892
20.6471
18.2791
15.8882
13.4771
11.0489
8.60653
6.15316
84.1679
84.1679
84.168
84.1682
84.1683
84.1685
84.1686
84.1687
84.1689
84.169
84.1691
84.1692
84.1693
84.1694
84.1695
84.1696
84.1697
84.1697
84.1698
84.1699
84.1699
84.1699
84.17
84.17
84.17
84.17
84.1699
84.1699
84.1698
84.1697
84.1696
84.1694
84.1693
84.169
84.1687
84.1684
84.168
84.1676
84.167
84.1664
84.1657
84.1648
84.1639
84.1627
84.1614
84.1599
84.1582
84.1562
84.154
84.1514
84.1484
84.145
84.1412
84.1368
84.1319
84.1262
84.1199
84.1127
84.1045
84.0954
84.085
84.0734
84.0604
84.0457
84.0293
84.0109
83.9904
83.9675
83.9419
83.9135
83.8818
83.8467
83.8077
83.7645
83.7167
83.6639
83.6057
83.5415
83.4708
83.3931
83.3078
83.2143
83.1119
82.9999
82.8776
82.7441
82.5987
82.4405
82.2686
82.0821
81.8799
81.661
81.4243
81.1688
80.8933
80.5966
80.2775
79.9347
79.5669
79.1729
78.7512
78.3006
77.8197
77.3071
76.7614
76.1813
75.5652
74.9119
74.2201
73.4883
72.7152
71.8997
71.0404
70.1361
69.1858
68.1884
67.143
66.0485
64.9041
63.7093
62.4632
61.1655
59.8157
58.4135
56.9588
55.4515
53.8918
52.2799
50.6162
48.9013
47.1359
45.3208
43.457
41.5458
39.5884
37.5863
35.5411
33.4545
31.3286
29.1653
26.9669
24.7356
22.4738
20.1842
17.8693
15.532
13.175
10.8012
8.41358
6.01522
82.1236
82.1236
82.1238
82.1239
82.124
82.1242
82.1243
82.1244
82.1246
82.1247
82.1248
82.1249
82.125
82.1251
82.1252
82.1253
82.1253
82.1254
82.1255
82.1255
82.1256
82.1256
82.1256
82.1256
82.1256
82.1256
82.1256
82.1255
82.1255
82.1254
82.1253
82.1251
82.1249
82.1247
82.1244
82.1241
82.1237
82.1233
82.1228
82.1222
82.1215
82.1206
82.1197
82.1186
82.1173
82.1158
82.1142
82.1122
82.11
82.1075
82.1046
82.1013
82.0976
82.0933
82.0885
82.083
82.0768
82.0697
82.0618
82.0529
82.0428
82.0314
82.0187
82.0044
81.9884
81.9705
81.9504
81.9281
81.9031
81.8753
81.8445
81.8102
81.7721
81.73
81.6834
81.6319
81.575
81.5124
81.4434
81.3676
81.2844
81.1932
81.0933
80.984
80.8646
80.7344
80.5926
80.4382
80.2705
80.0885
79.8912
79.6776
79.4467
79.1974
78.9286
78.6391
78.3277
77.9932
77.6344
77.2499
76.8385
76.3989
75.9296
75.4295
74.897
74.331
73.7299
73.0925
72.4174
71.7034
70.9491
70.1534
69.3149
68.4326
67.5054
66.5323
65.5122
64.4443
63.3278
62.1619
60.9461
59.6799
58.3629
56.9947
55.5754
54.1047
52.5828
51.0101
49.3868
47.7136
45.991
44.22
42.4016
40.5367
38.6269
36.6734
34.6778
32.642
30.5677
28.457
26.3119
24.1348
21.928
19.694
17.4353
15.1547
12.855
10.5388
8.20923
5.86912
79.9679
79.9679
79.9681
79.9682
79.9684
79.9685
79.9686
79.9687
79.9689
79.969
79.9691
79.9692
79.9693
79.9694
79.9695
79.9695
79.9696
79.9697
79.9697
79.9698
79.9698
79.9699
79.9699
79.9699
79.9699
79.9699
79.9699
79.9698
79.9697
79.9697
79.9695
79.9694
79.9692
79.969
79.9687
79.9684
79.9681
79.9676
79.9671
79.9665
79.9658
79.965
79.9641
79.963
79.9618
79.9604
79.9587
79.9568
79.9547
79.9522
79.9494
79.9462
79.9426
79.9384
79.9337
79.9284
79.9223
79.9155
79.9077
79.899
79.8892
79.8782
79.8658
79.8519
79.8363
79.8188
79.7993
79.7775
79.7532
79.7262
79.6961
79.6627
79.6257
79.5847
79.5393
79.4891
79.4338
79.3728
79.3056
79.2318
79.1508
79.0619
78.9646
78.8582
78.742
78.6152
78.4771
78.3268
78.1635
77.9862
77.7941
77.5861
77.3613
77.1185
76.8568
76.5749
76.2716
75.9459
75.5965
75.2222
74.8216
74.3935
73.9366
73.4495
72.9311
72.3798
71.7945
71.1739
70.5165
69.8212
69.0868
68.3119
67.4955
66.6364
65.7335
64.7859
63.7925
62.7527
61.6655
60.5302
59.3464
58.1134
56.8309
55.4987
54.1165
52.6845
51.2026
49.6711
48.0905
46.4611
44.7838
43.0593
41.2886
39.4727
37.6129
35.7107
33.7676
31.7852
29.7653
27.71
25.6212
23.5013
21.3524
19.177
16.9777
14.7569
12.5175
10.2622
7.99375
5.71506
77.7038
77.7038
77.7039
77.704
77.7042
77.7043
77.7044
77.7045
77.7047
77.7048
77.7049
77.705
77.7051
77.7052
77.7052
77.7053
77.7054
77.7055
77.7055
77.7056
77.7056
77.7056
77.7057
77.7057
77.7057
77.7057
77.7056
77.7056
77.7055
77.7054
77.7053
77.7052
77.705
77.7048
77.7045
77.7042
77.7039
77.7035
77.703
77.7024
77.7017
77.7009
77.7
77.699
77.6978
77.6964
77.6948
77.693
77.6909
77.6885
77.6858
77.6827
77.6791
77.6751
77.6705
77.6653
77.6594
77.6528
77.6453
77.6368
77.6273
77.6165
77.6045
77.591
77.5758
77.5588
77.5399
77.5187
77.4951
77.4689
77.4396
77.4072
77.3712
77.3313
77.2872
77.2385
77.1847
77.1254
77.0602
76.9885
76.9097
76.8234
76.7289
76.6255
76.5125
76.3893
76.2551
76.1091
75.9504
75.7781
75.5915
75.3894
75.1709
74.935
74.6807
74.4068
74.1121
73.7956
73.4561
73.0924
72.7031
72.2871
71.8432
71.3699
70.8661
70.3305
69.7618
69.1587
68.52
67.8444
67.1307
66.3778
65.5844
64.7497
63.8723
62.9516
61.9864
60.9759
59.9195
58.8164
57.6661
56.468
55.2218
53.9273
52.5843
51.1928
49.7529
48.2648
46.7289
45.1457
43.5158
41.8401
40.1195
38.3551
36.548
34.6996
32.8115
30.8852
28.9226
26.9254
24.8958
22.8359
20.7478
18.6341
16.497
14.3391
12.1631
9.97164
7.76742
5.55325
75.3342
75.3342
75.3343
75.3344
75.3346
75.3347
75.3348
75.3349
75.335
75.3351
75.3352
75.3353
75.3354
75.3355
75.3356
75.3357
75.3357
75.3358
75.3358
75.3359
75.3359
75.336
75.336
75.336
75.336
75.336
75.336
75.3359
75.3358
75.3358
75.3357
75.3355
75.3354
75.3351
75.3349
75.3346
75.3343
75.3339
75.3334
75.3328
75.3322
75.3314
75.3305
75.3295
75.3284
75.327
75.3255
75.3237
75.3217
75.3193
75.3167
75.3137
75.3102
75.3063
75.3019
75.2969
75.2912
75.2847
75.2774
75.2692
75.26
75.2496
75.2379
75.2248
75.2101
75.1936
75.1753
75.1547
75.1319
75.1064
75.0781
75.0466
75.0117
74.9731
74.9303
74.8831
74.8309
74.7735
74.7102
74.6407
74.5643
74.4806
74.389
74.2887
74.1792
74.0598
73.9297
73.7881
73.6342
73.4673
73.2863
73.0904
72.8785
72.6499
72.4033
72.1377
71.852
71.5452
71.216
70.8634
70.486
70.0827
69.6523
69.1935
68.705
68.1858
67.6344
67.0497
66.4304
65.7754
65.0835
64.3535
63.5844
62.7751
61.9245
61.0318
60.0961
59.1164
58.0922
57.0228
55.9075
54.746
53.5378
52.2828
50.9807
49.6317
48.2356
46.7929
45.3039
43.7689
42.1888
40.5642
38.8961
37.1854
35.4334
33.6414
31.8109
29.9434
28.0406
26.1043
24.1366
22.1395
20.1151
18.0658
15.9939
13.9018
11.7922
9.66755
7.53054
5.3839
72.8623
72.8623
72.8624
72.8625
72.8627
72.8628
72.8629
72.863
72.8631
72.8632
72.8633
72.8634
72.8635
72.8636
72.8637
72.8637
72.8638
72.8639
72.8639
72.864
72.864
72.864
72.8641
72.8641
72.8641
72.8641
72.864
72.864
72.8639
72.8638
72.8637
72.8636
72.8634
72.8632
72.863
72.8627
72.8624
72.862
72.8615
72.861
72.8604
72.8596
72.8588
72.8578
72.8567
72.8554
72.8539
72.8522
72.8502
72.848
72.8454
72.8425
72.8392
72.8354
72.8311
72.8262
72.8207
72.8145
72.8074
72.7995
72.7905
72.7805
72.7692
72.7565
72.7423
72.7264
72.7086
72.6888
72.6666
72.642
72.6146
72.5842
72.5504
72.5131
72.4717
72.426
72.3756
72.32
72.2588
72.1916
72.1177
72.0368
71.9481
71.8512
71.7453
71.6297
71.5039
71.3669
71.2181
71.0566
70.8816
70.6921
70.4873
70.2661
70.0276
69.7707
69.4944
69.1977
68.8793
68.5382
68.1732
67.7831
67.3668
66.9231
66.4507
65.9484
65.4152
64.8496
64.2507
63.6172
62.948
62.242
61.4981
60.7153
59.8927
59.0292
58.1242
57.1767
56.1861
55.1517
54.0731
52.9497
51.7811
50.5673
49.308
48.0031
46.6529
45.2575
43.8173
42.3328
40.8045
39.2332
37.6198
35.9653
34.2708
32.5376
30.7671
28.9609
27.1205
25.2478
23.3446
21.413
19.4551
17.473
15.4691
13.4457
11.4053
9.35034
7.28345
5.20724
70.2915
70.2915
70.2916
70.2918
70.2919
70.292
70.2921
70.2922
70.2923
70.2924
70.2925
70.2926
70.2927
70.2928
70.2928
70.2929
70.293
70.293
70.2931
70.2931
70.2932
70.2932
70.2932
70.2932
70.2932
70.2932
70.2932
70.2931
70.2931
70.293
70.2929
70.2928
70.2926
70.2924
70.2922
70.2919
70.2916
70.2912
70.2908
70.2902
70.2896
70.2889
70.2881
70.2872
70.2861
70.2848
70.2834
70.2817
70.2798
70.2777
70.2752
70.2724
70.2692
70.2655
70.2614
70.2567
70.2514
70.2454
70.2386
70.2309
70.2223
70.2126
70.2017
70.1894
70.1757
70.1604
70.1432
70.1241
70.1028
70.079
70.0526
70.0232
69.9907
69.9546
69.9147
69.8706
69.8219
69.7683
69.7093
69.6444
69.5732
69.4951
69.4096
69.3161
69.2139
69.1024
68.981
68.8489
68.7054
68.5496
68.3807
68.1979
68.0003
67.7869
67.5568
67.309
67.0425
66.7562
66.449
66.12
65.7679
65.3916
64.9899
64.5618
64.1061
63.6216
63.1071
62.5616
61.9838
61.3726
60.727
60.0459
59.3283
58.5731
57.7795
56.9465
56.0734
55.1594
54.2037
53.2058
52.1652
51.0814
49.9542
48.7831
47.5682
46.3095
45.0069
43.6607
42.2713
40.8392
39.3648
37.849
36.2925
34.6963
33.0616
31.3896
29.6816
27.939
26.1636
24.357
22.521
20.6575
18.7687
16.8565
14.9233
12.9713
11.0029
9.02043
7.02647
5.02351
67.6253
67.6253
67.6254
67.6255
67.6256
67.6257
67.6258
67.6259
67.626
67.6261
67.6262
67.6263
67.6264
67.6265
67.6265
67.6266
67.6267
67.6267
67.6268
67.6268
67.6268
67.6269
67.6269
67.6269
67.6269
67.6269
67.6269
67.6268
67.6268
67.6267
67.6266
67.6265
67.6263
67.6261
67.6259
67.6257
67.6254
67.625
67.6246
67.6241
67.6235
67.6228
67.622
67.6211
67.62
67.6188
67.6175
67.6159
67.614
67.612
67.6096
67.6069
67.6038
67.6003
67.5963
67.5918
67.5867
67.5809
67.5743
67.567
67.5587
67.5493
67.5389
67.5271
67.5139
67.4991
67.4826
67.4642
67.4437
67.4208
67.3954
67.3671
67.3358
67.3011
67.2627
67.2203
67.1735
67.1219
67.0652
67.0027
66.9342
66.8591
66.7768
66.6868
66.5885
66.4813
66.3645
66.2374
66.0993
65.9494
65.7869
65.6111
65.4209
65.2157
64.9943
64.7559
64.4995
64.224
63.9286
63.612
63.2732
62.9112
62.5248
62.1129
61.6745
61.2084
60.7134
60.1885
59.6326
59.0447
58.4236
57.7683
57.0779
56.3514
55.5878
54.7865
53.9465
53.0671
52.1477
51.1877
50.1865
49.1439
48.0593
46.9327
45.7639
44.5529
43.2997
42.0046
40.6679
39.2901
37.8717
36.4133
34.9159
33.3803
31.8076
30.1989
28.5557
26.8793
25.1712
23.4331
21.6667
19.874
18.0567
16.2171
14.3572
12.4793
10.5855
8.67827
6.75995
4.83296
64.8672
64.8672
64.8673
64.8674
64.8675
64.8676
64.8677
64.8678
64.8679
64.868
64.8681
64.8682
64.8683
64.8683
64.8684
64.8685
64.8685
64.8686
64.8686
64.8687
64.8687
64.8687
64.8687
64.8688
64.8688
64.8687
64.8687
64.8687
64.8686
64.8686
64.8685
64.8683
64.8682
64.868
64.8678
64.8676
64.8673
64.8669
64.8665
64.866
64.8655
64.8648
64.864
64.8632
64.8622
64.861
64.8597
64.8582
64.8564
64.8544
64.8521
64.8495
64.8466
64.8432
64.8394
64.8351
64.8301
64.8246
64.8183
64.8113
64.8033
64.7943
64.7843
64.773
64.7603
64.7462
64.7304
64.7127
64.693
64.6711
64.6467
64.6196
64.5895
64.5563
64.5194
64.4788
64.4339
64.3844
64.3299
64.27
64.2043
64.1322
64.0533
63.967
63.8727
63.7699
63.6578
63.5359
63.4034
63.2597
63.1038
62.9351
62.7528
62.5558
62.3435
62.1148
61.8689
61.6047
61.3212
61.0176
60.6926
60.3454
59.9747
59.5797
59.1591
58.712
58.2372
57.7337
57.2005
56.6365
56.0408
55.4122
54.75
54.0531
53.3207
52.552
51.7463
50.9028
50.0209
49.1
48.1397
47.1396
46.0993
45.0186
43.8975
42.7358
41.5338
40.2915
39.0093
37.6877
36.3271
34.9282
33.4918
32.0189
30.5103
28.9673
27.3911
25.783
24.1446
22.4774
20.783
19.0634
17.3203
15.5557
13.7717
11.9703
10.1538
8.32433
6.48424
4.63585
62.021
62.021
62.0211
62.0212
62.0213
62.0214
62.0215
62.0216
62.0217
62.0218
62.0218
62.0219
62.022
62.0221
62.0221
62.0222
62.0223
62.0223
62.0223
62.0224
62.0224
62.0224
62.0225
62.0225
62.0225
62.0225
62.0224
62.0224
62.0223
62.0223
62.0222
62.0221
62.0219
62.0218
62.0216
62.0213
62.021
62.0207
62.0203
62.0199
62.0193
62.0187
62.018
62.0171
62.0162
62.0151
62.0138
62.0123
62.0107
62.0088
62.0066
62.0041
62.0013
61.998
61.9944
61.9903
61.9856
61.9803
61.9743
61.9675
61.9599
61.9513
61.9417
61.9309
61.9188
61.9053
61.8902
61.8733
61.8544
61.8335
61.8101
61.7842
61.7555
61.7237
61.6885
61.6496
61.6067
61.5593
61.5073
61.45
61.3872
61.3183
61.2428
61.1603
61.0701
60.9718
60.8647
60.7481
60.6215
60.484
60.335
60.1737
59.9993
59.8111
59.608
59.3894
59.1542
58.9016
58.6306
58.3403
58.0296
57.6976
57.3432
56.9655
56.5634
56.1359
55.6819
55.2005
54.6907
54.1515
53.5818
52.9809
52.3477
51.6814
50.9811
50.2462
49.4758
48.6693
47.8261
46.9456
46.0274
45.0712
44.0765
43.0433
41.9713
40.8607
39.7114
38.5236
37.2977
36.034
34.7331
33.3956
32.0223
30.6139
29.1716
27.6963
26.1892
24.6517
23.0852
21.4911
19.8711
18.2269
16.5603
14.8732
13.1674
11.4451
9.70826
7.95908
6.19973
4.43244
59.0905
59.0905
59.0906
59.0907
59.0908
59.0909
59.091
59.0911
59.0912
59.0912
59.0913
59.0914
59.0915
59.0915
59.0916
59.0917
59.0917
59.0918
59.0918
59.0918
59.0919
59.0919
59.0919
59.0919
59.0919
59.0919
59.0919
59.0918
59.0918
59.0917
59.0916
59.0915
59.0914
59.0912
59.0911
59.0908
59.0906
59.0902
59.0899
59.0894
59.0889
59.0883
59.0876
59.0868
59.0859
59.0849
59.0837
59.0823
59.0807
59.0789
59.0768
59.0744
59.0717
59.0686
59.0652
59.0612
59.0567
59.0517
59.046
59.0395
59.0323
59.0241
59.015
59.0047
58.9932
58.9803
58.9658
58.9498
58.9318
58.9118
58.8896
58.8649
58.8376
58.8073
58.7737
58.7366
58.6957
58.6507
58.6011
58.5465
58.4866
58.421
58.3491
58.2705
58.1846
58.0909
57.9888
57.8778
57.7571
57.6261
57.4842
57.3305
57.1644
56.985
56.7916
56.5832
56.3592
56.1185
55.8603
55.5837
55.2877
54.9714
54.6337
54.2739
53.8908
53.4834
53.051
52.5923
52.1066
51.5928
51.0501
50.4775
49.8743
49.2394
48.5723
47.8721
47.1381
46.3697
45.5663
44.7274
43.8527
42.9416
41.9939
41.0095
39.9882
38.93
37.835
36.7034
35.5354
34.3314
33.092
31.8177
30.5092
29.1674
27.7932
26.3876
24.9518
23.4869
21.9944
20.4757
18.9322
17.3657
15.7779
14.1704
12.5453
10.9043
9.24954
7.58301
5.90679
4.22301
56.0797
56.0797
56.0798
56.0799
56.08
56.0801
56.0802
56.0803
56.0803
56.0804
56.0805
56.0806
56.0806
56.0807
56.0807
56.0808
56.0808
56.0809
56.0809
56.081
56.081
56.081
56.081
56.081
56.081
56.081
56.081
56.081
56.0809
56.0809
56.0808
56.0807
56.0806
56.0804
56.0802
56.08
56.0798
56.0795
56.0791
56.0787
56.0782
56.0776
56.077
56.0762
56.0754
56.0744
56.0732
56.0719
56.0704
56.0687
56.0667
56.0644
56.0619
56.059
56.0557
56.0519
56.0477
56.0429
56.0375
56.0313
56.0245
56.0167
56.008
55.9983
55.9873
55.9751
55.9614
55.9461
55.9291
55.9101
55.8891
55.8656
55.8397
55.8109
55.7791
55.7439
55.7051
55.6623
55.6152
55.5634
55.5066
55.4443
55.3761
55.3015
55.22
55.131
55.0342
54.9288
54.8142
54.6899
54.5552
54.4094
54.2517
54.0815
53.8979
53.7002
53.4876
53.2592
53.0141
52.7516
52.4707
52.1704
51.85
51.5085
51.1449
50.7583
50.3479
49.9126
49.4516
48.9641
48.449
47.9056
47.3331
46.7306
46.0974
45.4329
44.7363
44.007
43.2446
42.4485
41.6183
40.7536
39.8542
38.92
37.9507
36.9464
35.9072
34.8332
33.7248
32.5822
31.4059
30.1965
28.9547
27.6813
26.3771
25.0431
23.6804
22.2902
20.8737
19.4324
17.9676
16.4809
14.9739
13.4484
11.906
10.3487
8.77826
7.19664
5.60582
4.00784
52.9927
52.9927
52.9928
52.9929
52.993
52.993
52.9931
52.9932
52.9933
52.9933
52.9934
52.9935
52.9935
52.9936
52.9937
52.9937
52.9938
52.9938
52.9938
52.9939
52.9939
52.9939
52.9939
52.9939
52.9939
52.9939
52.9939
52.9939
52.9938
52.9938
52.9937
52.9936
52.9935
52.9933
52.9932
52.993
52.9927
52.9924
52.9921
52.9917
52.9912
52.9907
52.9901
52.9894
52.9886
52.9876
52.9865
52.9853
52.9839
52.9822
52.9804
52.9782
52.9758
52.9731
52.97
52.9664
52.9624
52.9579
52.9528
52.947
52.9405
52.9332
52.9249
52.9157
52.9054
52.8938
52.8809
52.8665
52.8504
52.8324
52.8125
52.7904
52.7658
52.7387
52.7086
52.6753
52.6387
52.5982
52.5537
52.5048
52.4511
52.3923
52.3278
52.2573
52.1802
52.0962
52.0047
51.9051
51.7969
51.6794
51.5521
51.4143
51.2653
51.1044
50.931
50.7442
50.5432
50.3274
50.0958
49.8478
49.5823
49.2986
48.9958
48.6731
48.3295
47.9642
47.5764
47.1651
46.7295
46.2687
45.782
45.2685
44.7275
44.1582
43.5599
42.9319
42.2737
41.5846
40.8641
40.1118
39.3273
38.5102
37.6604
36.7775
35.8616
34.9126
33.9306
32.9158
31.8683
30.7886
29.6771
28.5343
27.3608
26.1575
24.9251
23.6646
22.3769
21.0632
19.7247
18.3627
16.9785
15.5737
14.1497
12.7081
11.2506
9.77903
8.29504
6.80048
5.29724
3.78721
49.8336
49.8336
49.8337
49.8338
49.8339
49.8339
49.834
49.8341
49.8342
49.8342
49.8343
49.8343
49.8344
49.8345
49.8345
49.8346
49.8346
49.8346
49.8347
49.8347
49.8347
49.8348
49.8348
49.8348
49.8348
49.8348
49.8348
49.8347
49.8347
49.8346
49.8346
49.8345
49.8344
49.8342
49.8341
49.8339
49.8336
49.8334
49.8331
49.8327
49.8323
49.8318
49.8312
49.8305
49.8297
49.8288
49.8278
49.8266
49.8253
49.8238
49.822
49.82
49.8177
49.8152
49.8122
49.8089
49.8051
49.8009
49.7961
49.7906
49.7845
49.7776
49.7699
49.7612
49.7515
49.7406
49.7285
49.7149
49.6998
49.6829
49.6642
49.6434
49.6203
49.5947
49.5664
49.5352
49.5007
49.4627
49.4208
49.3748
49.3243
49.269
49.2083
49.142
49.0696
48.9906
48.9045
48.8109
48.7091
48.5986
48.4789
48.3493
48.2092
48.0579
47.8948
47.7191
47.5302
47.3272
47.1095
46.8762
46.6265
46.3598
46.075
45.7715
45.4484
45.1049
44.7402
44.3534
43.9438
43.5105
43.0528
42.5699
42.0611
41.5258
40.9631
40.3726
39.7536
39.1056
38.4281
37.7206
36.9829
36.2145
35.4153
34.5851
33.7238
32.8314
31.9079
30.9535
29.9685
28.9532
27.9079
26.8333
25.7298
24.5982
23.4392
22.2538
21.0429
19.8075
18.5488
17.268
15.9664
14.6453
13.3061
11.9505
10.58
9.19607
7.80054
6.39508
4.98145
3.56144
46.6068
46.6068
46.6068
46.6069
46.607
46.6071
46.6071
46.6072
46.6073
46.6073
46.6074
46.6075
46.6075
46.6076
46.6076
46.6077
46.6077
46.6077
46.6078
46.6078
46.6078
46.6078
46.6079
46.6079
46.6079
46.6078
46.6078
46.6078
46.6078
46.6077
46.6076
46.6076
46.6075
46.6073
46.6072
46.607
46.6068
46.6065
46.6062
46.6059
46.6055
46.605
46.6045
46.6039
46.6031
46.6023
46.6013
46.6002
46.599
46.5976
46.5959
46.594
46.5919
46.5895
46.5868
46.5836
46.5801
46.5761
46.5716
46.5666
46.5608
46.5544
46.5472
46.5391
46.53
46.5198
46.5084
46.4957
46.4816
46.4658
46.4483
46.4288
46.4072
46.3833
46.3569
46.3276
46.2954
46.2598
46.2207
46.1777
46.1305
46.0787
46.022
45.96
45.8922
45.8183
45.7378
45.6502
45.555
45.4517
45.3398
45.2186
45.0875
44.9461
44.7935
44.6292
44.4525
44.2626
44.059
43.8408
43.6073
43.3578
43.0915
42.8077
42.5055
42.1843
41.8431
41.4814
41.0983
40.6931
40.265
39.8134
39.3376
38.8369
38.3107
37.7584
37.1794
36.5734
35.9397
35.2781
34.5881
33.8695
33.1221
32.3456
31.5401
30.7055
29.8418
28.9492
28.028
27.0784
26.1008
25.0957
24.0637
23.0054
21.9215
20.8128
19.6803
18.5249
17.3477
16.1499
14.9325
13.6969
12.4445
11.1767
9.89487
8.6006
7.29543
5.98098
4.65889
3.33083
43.3165
43.3165
43.3166
43.3167
43.3167
43.3168
43.3169
43.3169
43.317
43.317
43.3171
43.3172
43.3172
43.3173
43.3173
43.3173
43.3174
43.3174
43.3174
43.3175
43.3175
43.3175
43.3175
43.3175
43.3175
43.3175
43.3175
43.3175
43.3174
43.3174
43.3173
43.3173
43.3172
43.317
43.3169
43.3167
43.3165
43.3163
43.316
43.3157
43.3153
43.3149
43.3144
43.3138
43.3131
43.3124
43.3115
43.3105
43.3093
43.308
43.3064
43.3047
43.3027
43.3005
43.2979
43.295
43.2918
43.288
43.2839
43.2791
43.2738
43.2678
43.2611
43.2536
43.2451
43.2357
43.2251
43.2133
43.2002
43.1855
43.1692
43.1511
43.1311
43.1089
43.0843
43.0571
43.0271
42.9941
42.9577
42.9177
42.8738
42.8257
42.773
42.7154
42.6524
42.5837
42.5089
42.4275
42.339
42.243
42.139
42.0263
41.9045
41.773
41.6313
41.4786
41.3143
41.1379
40.9486
40.7458
40.5288
40.297
40.0495
39.7857
39.5048
39.2062
38.8892
38.553
38.1969
37.8203
37.4225
37.0027
36.5605
36.0951
35.6061
35.0928
34.5547
33.9915
33.4025
32.7876
32.1464
31.4785
30.7838
30.0622
29.3135
28.5378
27.7351
26.9055
26.0493
25.1668
24.2582
23.3241
22.3649
21.3813
20.3739
19.3435
18.291
17.2172
16.1231
15.0097
13.8783
12.73
11.566
10.3877
9.19633
7.99343
6.7804
5.55875
4.32999
3.09569
39.9674
39.9674
39.9674
39.9675
39.9675
39.9676
39.9677
39.9677
39.9678
39.9678
39.9679
39.9679
39.968
39.968
39.9681
39.9681
39.9681
39.9682
39.9682
39.9682
39.9682
39.9683
39.9683
39.9683
39.9683
39.9683
39.9683
39.9682
39.9682
39.9682
39.9681
39.968
39.9679
39.9678
39.9677
39.9675
39.9674
39.9671
39.9669
39.9666
39.9662
39.9658
39.9654
39.9648
39.9642
39.9635
39.9627
39.9618
39.9607
39.9594
39.958
39.9564
39.9546
39.9525
39.9502
39.9475
39.9445
39.9411
39.9372
39.9329
39.928
39.9224
39.9162
39.9093
39.9015
39.8928
39.883
39.8721
39.86
39.8465
39.8314
39.8148
39.7962
39.7757
39.7531
39.728
39.7003
39.6698
39.6363
39.5994
39.5589
39.5145
39.4659
39.4127
39.3546
39.2912
39.2222
39.1471
39.0654
38.9769
38.8808
38.7769
38.6645
38.5432
38.4124
38.2715
38.1199
37.9572
37.7825
37.5954
37.3952
37.1813
36.9529
36.7095
36.4504
36.1749
35.8823
35.5721
35.2436
34.8961
34.529
34.1417
33.7337
33.3043
32.8531
32.3795
31.883
31.3633
30.8199
30.2525
29.6608
29.0446
28.4036
27.7378
27.047
26.3313
25.5906
24.8252
24.0352
23.2209
22.3826
21.5207
20.6357
19.7281
18.7986
17.8479
16.8767
15.886
14.8765
13.8492
12.8053
11.7457
10.6717
9.5845
8.48528
7.37539
6.25615
5.12895
3.9952
2.85633
36.5638
36.5638
36.5639
36.5639
36.564
36.564
36.5641
36.5641
36.5642
36.5642
36.5643
36.5643
36.5644
36.5644
36.5645
36.5645
36.5645
36.5645
36.5646
36.5646
36.5646
36.5646
36.5646
36.5646
36.5646
36.5646
36.5646
36.5646
36.5646
36.5645
36.5645
36.5644
36.5643
36.5642
36.5641
36.564
36.5638
36.5636
36.5634
36.5631
36.5628
36.5624
36.562
36.5615
36.5609
36.5603
36.5595
36.5587
36.5577
36.5566
36.5553
36.5538
36.5521
36.5502
36.5481
36.5457
36.5429
36.5398
36.5362
36.5322
36.5278
36.5227
36.517
36.5107
36.5035
36.4956
36.4866
36.4767
36.4656
36.4532
36.4395
36.4242
36.4073
36.3885
36.3678
36.3448
36.3195
36.2916
36.2609
36.2272
36.1901
36.1495
36.105
36.0564
36.0032
35.9452
35.8821
35.8134
35.7387
35.6577
35.5698
35.4747
35.3719
35.2609
35.1412
35.0124
34.8737
34.7248
34.565
34.3939
34.2107
34.015
33.806
33.5834
33.3463
33.0943
32.8267
32.5429
32.2423
31.9244
31.5886
31.2343
30.861
30.4682
30.0554
29.6221
29.1679
28.6924
28.1953
27.6763
27.135
26.5712
25.9848
25.3757
24.7437
24.089
23.4114
22.7112
21.9884
21.2434
20.4765
19.688
18.8784
18.0481
17.1978
16.328
15.4395
14.5331
13.6096
12.6698
11.7148
10.7455
9.76294
8.7683
7.76269
6.74731
5.72338
4.69217
3.65497
2.61309
33.1105
33.1105
33.1106
33.1106
33.1107
33.1107
33.1107
33.1108
33.1108
33.1109
33.1109
33.111
33.111
33.111
33.1111
33.1111
33.1111
33.1112
33.1112
33.1112
33.1112
33.1112
33.1112
33.1113
33.1113
33.1112
33.1112
33.1112
33.1112
33.1111
33.1111
33.111
33.111
33.1109
33.1108
33.1106
33.1105
33.1103
33.1101
33.1099
33.1096
33.1092
33.1089
33.1084
33.1079
33.1073
33.1066
33.1058
33.105
33.1039
33.1028
33.1014
33.0999
33.0982
33.0963
33.0941
33.0915
33.0887
33.0855
33.0819
33.0778
33.0733
33.0681
33.0624
33.0559
33.0487
33.0406
33.0316
33.0215
33.0103
32.9979
32.9841
32.9687
32.9517
32.933
32.9122
32.8893
32.864
32.8362
32.8057
32.7721
32.7353
32.695
32.651
32.6029
32.5504
32.4932
32.4309
32.3633
32.2899
32.2104
32.1243
32.0312
31.9307
31.8223
31.7056
31.58
31.4452
31.3005
31.1455
30.9796
30.8024
30.6132
30.4115
30.1969
29.9686
29.7263
29.4693
29.1971
28.9093
28.6052
28.2843
27.9463
27.5906
27.2167
26.8244
26.4131
25.9825
25.5324
25.0623
24.5722
24.0617
23.5307
22.9791
22.4068
21.8138
21.2003
20.5662
19.9117
19.2371
18.5426
17.8286
17.0954
16.3435
15.5735
14.7859
13.9813
13.1605
12.3242
11.4732
10.6084
9.7306
8.84087
7.94016
7.02953
6.11005
5.18283
4.24901
3.30977
2.36629
29.6121
29.6121
29.6122
29.6122
29.6123
29.6123
29.6123
29.6124
29.6124
29.6125
29.6125
29.6125
29.6126
29.6126
29.6126
29.6127
29.6127
29.6127
29.6127
29.6128
29.6128
29.6128
29.6128
29.6128
29.6128
29.6128
29.6128
29.6128
29.6127
29.6127
29.6127
29.6126
29.6125
29.6125
29.6124
29.6122
29.6121
29.612
29.6118
29.6115
29.6113
29.611
29.6106
29.6102
29.6098
29.6093
29.6087
29.608
29.6072
29.6062
29.6052
29.604
29.6027
29.6011
29.5994
29.5974
29.5952
29.5926
29.5898
29.5866
29.5829
29.5788
29.5742
29.5691
29.5633
29.5568
29.5496
29.5416
29.5326
29.5225
29.5114
29.499
29.4853
29.4701
29.4533
29.4348
29.4143
29.3917
29.3668
29.3395
29.3095
29.2766
29.2405
29.2011
29.1581
29.1112
29.06
29.0044
28.9439
28.8782
28.8071
28.7301
28.6468
28.557
28.46
28.3556
28.2434
28.1227
27.9934
27.8547
27.7064
27.5479
27.3787
27.1983
27.0063
26.8022
26.5855
26.3557
26.1122
25.8548
25.5828
25.2959
24.9935
24.6754
24.3411
23.9902
23.6224
23.2373
22.8347
22.4143
21.9759
21.5194
21.0445
20.5511
20.0393
19.509
18.9603
18.3932
17.8079
17.2045
16.5834
15.9448
15.2891
14.6167
13.928
13.2236
12.5041
11.77
11.0221
10.261
9.48751
8.70249
7.90676
7.10122
6.2868
5.46447
4.63522
3.80007
2.96007
2.11627
26.0734
26.0734
26.0735
26.0735
26.0736
26.0736
26.0736
26.0737
26.0737
26.0737
26.0738
26.0738
26.0738
26.0739
26.0739
26.0739
26.0739
26.074
26.074
26.074
26.074
26.074
26.074
26.074
26.074
26.074
26.074
26.074
26.074
26.0739
26.0739
26.0739
26.0738
26.0737
26.0736
26.0735
26.0734
26.0733
26.0731
26.0729
26.0727
26.0724
26.0721
26.0718
26.0714
26.0709
26.0704
26.0698
26.0691
26.0683
26.0673
26.0663
26.0651
26.0638
26.0622
26.0605
26.0585
26.0563
26.0538
26.0509
26.0477
26.0441
26.0401
26.0355
26.0305
26.0248
26.0184
26.0113
26.0034
25.9946
25.9848
25.9739
25.9618
25.9484
25.9336
25.9173
25.8992
25.8793
25.8574
25.8334
25.807
25.778
25.7463
25.7116
25.6737
25.6323
25.5873
25.5383
25.485
25.4273
25.3646
25.2968
25.2235
25.1444
25.059
24.9671
24.8682
24.762
24.6481
24.5261
24.3954
24.2559
24.1069
23.9481
23.779
23.5993
23.4085
23.2061
22.9918
22.7651
22.5256
22.273
22.0068
21.7267
21.4323
21.1233
20.7995
20.4604
20.1059
19.7358
19.3498
18.9478
18.5296
18.0952
17.6446
17.1777
16.6945
16.1952
15.6798
15.1486
14.6017
14.0394
13.462
12.87
12.2636
11.6434
11.0098
10.3635
9.70491
9.03477
8.35374
7.66253
6.96189
6.25261
5.53552
4.81146
4.0813
3.34596
2.60633
1.86338
22.4993
22.4993
22.4993
22.4993
22.4994
22.4994
22.4994
22.4995
22.4995
22.4995
22.4995
22.4996
22.4996
22.4996
22.4996
22.4997
22.4997
22.4997
22.4997
22.4997
22.4997
22.4998
22.4998
22.4998
22.4998
22.4998
22.4997
22.4997
22.4997
22.4997
22.4997
22.4996
22.4996
22.4995
22.4994
22.4993
22.4992
22.4991
22.499
22.4988
22.4986
22.4984
22.4981
22.4978
22.4975
22.4971
22.4966
22.4961
22.4955
22.4948
22.494
22.4931
22.4921
22.4909
22.4896
22.4881
22.4864
22.4844
22.4823
22.4798
22.4771
22.474
22.4705
22.4665
22.4622
22.4572
22.4518
22.4456
22.4388
22.4312
22.4227
22.4133
22.4029
22.3914
22.3786
22.3645
22.3489
22.3318
22.3129
22.2921
22.2693
22.2443
22.2169
22.187
22.1543
22.1186
22.0798
22.0375
21.9915
21.9417
21.8876
21.8291
21.7658
21.6975
21.6239
21.5446
21.4593
21.3676
21.2693
21.164
21.0513
20.9308
20.8023
20.6653
20.5194
20.3643
20.1996
20.025
19.84
19.6444
19.4378
19.2198
18.9901
18.7483
18.4943
18.2277
17.9482
17.6557
17.3498
17.0304
16.6973
16.3504
15.9896
15.6147
15.2259
14.8229
14.406
13.9751
13.5304
13.072
12.6001
12.1149
11.6167
11.1057
10.5825
10.0473
9.50059
8.94284
8.37455
7.79627
7.2086
6.61214
6.00754
5.39549
4.7767
4.1519
3.52183
2.88729
2.24905
1.60794
18.8945
18.8945
18.8945
18.8945
18.8945
18.8946
18.8946
18.8946
18.8946
18.8947
18.8947
18.8947
18.8947
18.8947
18.8948
18.8948
18.8948
18.8948
18.8948
18.8948
18.8948
18.8949
18.8949
18.8949
18.8949
18.8949
18.8949
18.8948
18.8948
18.8948
18.8948
18.8947
18.8947
18.8946
18.8946
18.8945
18.8944
18.8943
18.8942
18.8941
18.8939
18.8937
18.8935
18.8932
18.8929
18.8926
18.8922
18.8918
18.8913
18.8907
18.89
18.8893
18.8884
18.8874
18.8863
18.885
18.8836
18.882
18.8802
18.8781
18.8758
18.8732
18.8703
18.867
18.8633
18.8592
18.8546
18.8494
18.8437
18.8373
18.8302
18.8223
18.8135
18.8038
18.7931
18.7813
18.7682
18.7538
18.7379
18.7205
18.7013
18.6803
18.6573
18.6322
18.6047
18.5748
18.5422
18.5066
18.4681
18.4262
18.3808
18.3316
18.2785
18.2212
18.1593
18.0927
18.0211
17.9441
17.8616
17.7731
17.6785
17.5773
17.4693
17.3543
17.2318
17.1015
16.9632
16.8166
16.6613
16.497
16.3235
16.1404
15.9475
15.7445
15.5312
15.3073
15.0726
14.8269
14.57
14.3018
14.0221
13.7307
13.4277
13.1129
12.7864
12.448
12.0979
11.736
11.3626
10.9776
10.5813
10.1738
9.75544
9.32639
8.88698
8.43753
7.97841
7.51002
7.03278
6.54716
6.05364
5.55274
5.04501
4.53103
4.01138
3.48668
2.95756
2.42469
1.88871
1.35032
15.2639
15.2639
15.2639
15.264
15.264
15.264
15.264
15.264
15.2641
15.2641
15.2641
15.2641
15.2641
15.2641
15.2642
15.2642
15.2642
15.2642
15.2642
15.2642
15.2642
15.2642
15.2642
15.2642
15.2642
15.2642
15.2642
15.2642
15.2642
15.2642
15.2642
15.2641
15.2641
15.2641
15.264
15.264
15.2639
15.2638
15.2637
15.2636
15.2635
15.2633
15.2631
15.2629
15.2627
15.2624
15.2621
15.2617
15.2613
15.2609
15.2603
15.2597
15.259
15.2582
15.2573
15.2563
15.2552
15.2538
15.2524
15.2507
15.2488
15.2467
15.2444
15.2417
15.2387
15.2354
15.2317
15.2275
15.2229
15.2177
15.212
15.2056
15.1985
15.1907
15.182
15.1725
15.1619
15.1503
15.1374
15.1234
15.1079
15.0909
15.0724
15.0521
15.0299
15.0057
14.9793
14.9506
14.9194
14.8856
14.8489
14.8092
14.7663
14.72
14.67
14.6162
14.5583
14.4962
14.4295
14.358
14.2816
14.1998
14.1126
14.0197
13.9207
13.8155
13.7038
13.5853
13.4598
13.3271
13.1869
13.039
12.8832
12.7192
12.5469
12.366
12.1764
11.9779
11.7704
11.5537
11.3277
11.0924
10.8476
10.5933
10.3295
10.0561
9.77329
9.48097
9.17926
8.86826
8.5481
8.21893
7.88094
7.53433
7.17935
6.81627
6.44537
6.06698
5.68144
5.28913
4.89044
4.48579
4.07562
3.6604
3.2406
2.81672
2.38927
1.95878
1.52579
1.09085
11.6126
11.6126
11.6126
11.6126
11.6126
11.6127
11.6127
11.6127
11.6127
11.6127
11.6127
11.6127
11.6128
11.6128
11.6128
11.6128
11.6128
11.6128
11.6128
11.6128
11.6128
11.6128
11.6128
11.6128
11.6128
11.6128
11.6128
11.6128
11.6128
11.6128
11.6128
11.6128
11.6127
11.6127
11.6127
11.6126
11.6126
11.6125
11.6124
11.6123
11.6122
11.6121
11.612
11.6118
11.6117
11.6115
11.6112
11.6109
11.6106
11.6103
11.6099
11.6094
11.6089
11.6083
11.6076
11.6068
11.6059
11.6049
11.6038
11.6025
11.6011
11.5995
11.5977
11.5957
11.5934
11.5909
11.5881
11.5849
11.5814
11.5774
11.5731
11.5682
11.5629
11.5569
11.5503
11.543
11.535
11.5261
11.5164
11.5057
11.4939
11.481
11.4669
11.4514
11.4345
11.4161
11.3961
11.3742
11.3505
11.3248
11.2969
11.2667
11.234
11.1988
11.1608
11.1198
11.0758
11.0285
10.9778
10.9234
10.8652
10.8031
10.7367
10.666
10.5907
10.5107
10.4257
10.3355
10.2401
10.1391
10.0324
9.91993
9.80137
9.67661
9.5455
9.40789
9.26365
9.11264
8.95476
8.78991
8.61799
8.43895
8.25271
8.05925
7.85854
7.65058
7.43539
7.213
6.98346
6.74686
6.50328
6.25286
5.99572
5.73202
5.46196
5.18573
4.90355
4.61568
4.32237
4.0239
3.72058
3.41273
3.10068
2.78478
2.4654
2.14292
1.81773
1.49022
1.16081
0.829908
)
;

boundaryField
{
    topWall
    {
        type            groovyBC;
        refValue        uniform 0;
        refGradient     uniform 0;
        valueFraction   nonuniform List<scalar> 
150
(
0.157895
0.157895
0.157895
0.157895
0.157895
0.157895
0.157895
0.157895
0.157895
0.157895
0.157895
0.157895
0.157895
0.157895
0.157895
0.157895
0.157895
0.157895
0.157895
0.157895
0.157895
0.157895
0.157895
0.157895
0.157895
0.157895
0.157895
0.157895
0.157895
0.157895
0.157895
0.157895
0.157895
0.157895
0.157895
0.157895
0.157895
0.157895
0.157895
0.157895
0.157895
0.157895
0.157895
0.157895
0.157895
0.157895
0.157895
0.157895
0.157895
0.157895
0.157895
0.157895
0.157895
0.157895
0.157895
0.157895
0.157895
0.157895
0.157895
0.157895
0.157895
0.157895
0.157895
0.157895
0.157895
0.157895
0.157895
0.157895
0.157895
0.157895
0.157895
0.157895
0.157895
0.157895
0.157895
0.157895
0.157895
0.157895
0.157895
0.157895
0.157895
0.157895
0.157895
0.157895
0.157895
0.157895
0.157895
0.157895
0.157895
0.157895
0.157895
0.157895
0.157895
0.157895
0.157895
0.157895
0.157895
0.157895
0.157895
0.157895
0.157895
0.157895
0.157895
0.157895
0.157895
0.157895
0.157895
0.157895
0.157895
0.157895
0.157895
0.157895
0.157895
0.157895
0.157895
0.157895
0.157895
0.157895
0.157895
0.157895
0.157895
0.157895
0.157895
0.157895
0.157895
0.157895
0.157895
0.157895
0.157895
0.157895
0.157895
0.157895
0.157895
0.157895
0.157895
0.157895
0.157895
0.157895
0.157895
0.157895
0.157895
0.157895
0.157895
0.157895
0.157895
0.157895
0.157895
0.157895
0.157895
0.157895
)
;
        value           nonuniform List<scalar> 
150
(
9.77903
9.77903
9.77904
9.77905
9.77906
9.77907
9.77909
9.7791
9.77911
9.77913
9.77914
9.77915
9.77916
9.77917
9.77918
9.77919
9.7792
9.77921
9.77921
9.77922
9.77922
9.77923
9.77923
9.77923
9.77923
9.77923
9.77923
9.77922
9.77921
9.7792
9.77919
9.77917
9.77915
9.77912
9.77909
9.77905
9.77901
9.77895
9.77889
9.77882
9.77874
9.77864
9.77852
9.77839
9.77824
9.77807
9.77787
9.77764
9.77737
9.77707
9.77673
9.77634
9.77589
9.77538
9.77481
9.77415
9.77341
9.77258
9.77163
9.77057
9.76937
9.76802
9.7665
9.7648
9.76289
9.76076
9.75837
9.75571
9.75274
9.74943
9.74575
9.74167
9.73714
9.73212
9.72657
9.72044
9.71367
9.70621
9.698
9.68898
9.67907
9.6682
9.6563
9.64329
9.62908
9.61357
9.59668
9.5783
9.55833
9.53666
9.51316
9.48773
9.46024
9.43055
9.39854
9.36407
9.32699
9.28716
9.24443
9.19865
9.14967
9.09732
9.04144
8.98189
8.91848
8.85108
8.7795
8.7036
8.62322
8.53819
8.44838
8.35362
8.25378
8.14873
8.03832
7.92244
7.80097
7.6738
7.54085
7.40203
7.25726
7.10648
6.94965
6.78674
6.61772
6.4426
6.26138
6.0741
5.88081
5.68157
5.47645
5.26556
5.04903
4.82697
4.59955
4.36693
4.12931
3.88689
3.63989
3.38855
3.13312
2.87388
2.6111
2.34508
2.07613
1.80457
1.53072
1.25492
0.97752
0.69887
)
;
        valueExpression "Tinf";
        gradientExpression "0";
        fractionExpression "1/(1+k/(alpha*mag(delta())))";
        evaluateDuringConstruction 0;
        cyclicSlave     0;
        variables       
4
(
"k=0.4;"
"alpha=600;"
"Tinf=0;"
" f=1/(1+k/(alpha*mag(delta())));"
)
;
        timelines       (
);
        lookuptables    (
);
    }
    rightWall
    {
        type            groovyBC;
        refValue        uniform 0;
        refGradient     uniform 0;
        valueFraction   nonuniform List<scalar> 
40
(
0.2
0.2
0.2
0.2
0.2
0.2
0.2
0.2
0.2
0.2
0.2
0.2
0.2
0.2
0.2
0.2
0.2
0.2
0.2
0.2
0.2
0.2
0.2
0.2
0.2
0.2
0.2
0.2
0.2
0.2
0.2
0.2
0.2
0.2
0.2
0.2
0.2
0.2
0.2
0.2
)
;
        value           nonuniform List<scalar> 
40
(
5.71633
5.70859
5.69312
5.66995
5.63911
5.60063
5.55456
5.50097
5.43994
5.37153
5.29585
5.21299
5.12307
5.02621
4.92253
4.81218
4.6953
4.57205
4.4426
4.30712
4.16579
4.01881
3.86637
3.70868
3.54595
3.37841
3.20627
3.02977
2.84916
2.66466
2.47655
2.28507
2.09047
1.89303
1.69302
1.4907
1.28635
1.08025
0.872683
0.663926
)
;
        valueExpression "Tinf";
        gradientExpression "0";
        fractionExpression "1/(1+k/(alpha*mag(delta())))";
        evaluateDuringConstruction 0;
        cyclicSlave     0;
        variables       
4
(
"k=0.4;"
"alpha=600;"
"Tinf=0;"
" f=1/(1+k/(alpha*mag(delta())));"
)
;
        timelines       (
);
        lookuptables    (
);
    }
    leftWall
    {
        type            symmetryPlane;
        value           nonuniform List<scalar> 
40
(
99.9817
99.8464
99.576
99.1707
98.6313
97.9582
97.1525
96.2153
95.1478
93.9513
92.6276
91.1784
89.6056
87.9114
86.098
84.1679
82.1236
79.9679
77.7038
75.3342
72.8623
70.2915
67.6253
64.8672
62.021
59.0905
56.0797
52.9927
49.8336
46.6068
43.3165
39.9674
36.5638
33.1105
29.6121
26.0734
22.4993
18.8945
15.2639
11.6126
)
;
    }
    bottomWall
    {
        type            zeroGradient;
    }
    frontAndBack
    {
        type            empty;
    }
    solidInterface
    {
        type            zeroGradient;
    }
}


// ************************************************************************* //
